1	0.991	1.06	1.02	0.979	1.03	0.974	1.11	292	0.928	0.945	1.06	1.14	0.974	0.878
2	1.08	1.04	1.35	1.34	0.888	1.05	0.921	257	0.999	0.986	1.06	0.947	0.945	1.15
3	1.01	0.98	1.07	0.905	1.15	0.936	1.1	281	1.08	1.07	0.8	1.13	0.992	0.913
4	1.03	1.2	1.11	0.853	1.31	1.03	0.936	300	0.707	0.961	1.04	0.956	0.999	0.983
5	0.927	1.07	0.95	0.982	0.873	1.01	0.856	290	1.15	0.926	1.3	0.922	0.946	1.08
6	0.946	1.11	1.12	1.1	1.12	1.14	0.986	293	0.882	0.844	0.992	1.27	0.968	1.15
7	1.05	0.91	0.875	1.13	0.855	0.97	0.904	272	1.06	0.84	0.787	1.04	1.08	0.937
8	1.04	1.07	0.989	1.16	0.822	1.09	1.02	262	1.18	1.15	0.952	1.03	1.08	0.942
9	1.01	0.922	0.916	0.899	1.02	0.989	1.15	271	0.916	1	0.936	0.889	0.996	1.05
10	1.02	1.02	1.04	0.916	0.899	1.21	1.02	253	1	0.933	0.901	0.883	1.01	0.961
11	1.02	0.989	0.961	0.857	1.08	0.987	1.01	247	0.953	0.902	0.956	0.87	0.881	0.856
12	1.07	0.974	1.05	1.07	1.08	1.01	0.993	289	0.984	0.956	1.08	1.12	1.02	0.828
13	1.03	0.87	0.824	1	0.929	0.951	0.936	242	1.02	1.01	1.06	1.05	1.11	0.933
14	0.953	0.962	1.27	1.11	1.04	1.05	0.807	289	0.874	0.89	0.879	0.831	1.01	0.99
15	1.03	1.11	1.1	0.995	1.13	0.977	1.09	280	1.01	0.886	0.874	1.08	0.96	0.925
16	1.07	0.907	0.96	0.858	1.06	1.09	1.02	297	0.911	0.797	0.888	1.12	0.986	0.982
17	0.975	1.11	1	0.96	1.08	0.991	0.983	253	0.79	1.08	0.846	1.13	1.04	1.16
18	1.03	1.09	1.18	0.785	1.19	0.932	0.947	270	1.18	0.909	0.962	0.987	1.17	0.974
19	1.04	0.905	0.858	0.806	1.05	1.03	0.953	255	1.01	0.923	0.903	0.827	0.975	1.02
20	1.06	0.998	0.95	1.13	0.931	0.943	1.18	252	1.12	1.06	0.939	0.912	1.07	1.06
21	0.996	0.976	0.943	0.893	0.924	1.1	0.834	291	1.05	0.973	1.01	1.1	0.959	0.881
22	0.948	1.01	0.94	0.828	1.12	1.16	1.03	269	0.875	1.03	1.08	1.08	1.17	0.823
23	1.05	0.952	1.03	1.06	0.779	0.929	0.89	288	1.06	1.05	1.25	1.03	0.993	1.13
24	0.99	1	0.936	0.894	0.742	0.981	0.884	244	1.3	0.888	1.08	0.902	0.998	0.946
25	0.993	0.865	0.748	0.978	0.976	0.996	0.955	274	1.03	1.02	0.934	0.963	0.94	1.03
26	0.994	1.08	0.99	0.917	0.881	1.04	1.06	242	1.15	0.978	1.16	0.908	1.12	1.06
27	1.05	1.09	1.03	0.998	0.913	1.01	0.96	272	0.995	1.13	0.853	1	0.992	0.943
28	0.959	0.767	0.866	1.15	1.14	0.918	0.84	272	0.884	1	0.885	1.09	0.973	1.02
29	1.01	1.03	0.986	1.15	0.983	0.937	0.987	251	0.785	1.1	1	1.09	0.99	1.04
30	1.03	0.7	0.953	1.3	0.879	1.15	0.902	268	1	1.09	0.974	0.926	1.17	0.874
31	1.01	1.06	0.914	0.955	1.11	0.986	1.24	279	0.936	0.976	1.13	0.988	0.978	0.95
32	1.06	0.943	1.15	1.07	0.959	0.909	0.882	278	1.13	0.99	0.877	1.43	1.04	1.09
33	1.01	1.11	1.15	0.911	1.09	0.911	1.06	283	0.836	0.896	0.975	1.01	1.09	1.02
34	1.02	1.11	0.979	1.01	1.06	1.07	0.87	300	1.04	0.935	0.928	1.16	1.09	1.01
35	1.03	0.896	1.19	0.799	1.06	1.03	0.894	287	0.92	0.932	1.14	1.09	1.03	0.997
36	0.959	1.23	1.18	1	0.895	1.04	1.07	291	0.903	0.859	1.06	0.985	0.895	1.1
37	0.974	0.82	1.02	0.979	0.949	1.05	1.2	259	0.968	1.25	1.12	1.04	0.896	1.06
38	1.12	0.934	0.91	0.99	1.08	0.883	0.952	295	0.927	1.16	0.934	0.933	0.989	0.934
39	0.811	1.09	1.43	0.966	1.13	0.99	1.04	294	0.95	1.19	1.12	1.04	1.03	0.969
40	0.977	0.97	1.16	1.06	0.957	0.906	1.03	300	1	1.13	1.1	0.873	1.01	1.07
41	0.965	1.06	0.808	1.09	1.11	1.12	0.911	259	0.938	0.964	0.926	0.784	1.12	0.928
42	1.11	0.78	0.953	1.02	0.913	0.877	0.998	262	1.07	1.04	1.04	1.09	0.923	1.09
43	1.07	1.02	0.899	1.33	1.07	0.952	0.757	266	1.2	0.923	0.922	1.18	1.02	0.821
44	1.06	0.957	0.873	1.01	0.909	0.957	1.02	253	1.11	0.957	0.997	0.857	1.05	0.85
45	1.02	0.952	0.8	1.17	1.02	1.04	1.02	270	1	1.03	1.02	0.971	1.12	1.01
46	1.09	1.03	1.1	0.933	1.19	1.01	1.18	246	0.98	0.85	1.02	1.06	0.99	0.955
47	1.17	1.03	1.06	1.05	0.843	0.956	1.11	277	0.859	1.08	1.32	1.21	1.13	1.14
48	1	0.869	0.888	0.922	0.998	1.05	0.868	245	1.1	0.901	0.976	1.07	1.04	0.99
49	1.01	1.05	1.09	0.881	0.91	1	1.02	270	1.35	0.925	1.09	0.943	1.02	0.896
50	0.96	0.902	1.06	1.13	0.845	1.01	1.17	258	0.919	0.901	1.04	1.11	0.962	1.04
51	0.964	0.809	1.07	0.974	1.05	0.98	1.17	259	1.05	0.781	1.12	1.25	0.828	0.926
52	1.03	0.943	1	0.944	0.938	0.958	1.09	285	1.18	0.95	1.25	1.07	0.944	0.909
53	1.05	0.954	0.938	1.1	1.02	0.993	0.955	275	1.02	1.16	0.98	1.05	1.15	0.967
54	1.05	0.938	1.01	1.04	1.02	1.01	0.863	279	1.04	1.03	1.15	0.969	1.06	0.808
55	1.08	0.955	0.828	1.04	0.904	1.02	1	294	1.07	1.14	1.19	0.928	1.05	0.877
56	1.09	0.96	1.07	1.03	0.919	1.18	0.949	247	1.23	0.913	1.02	0.985	1.04	1.16
57	1.04	0.792	0.963	1.18	1.03	1.02	1.01	276	1.16	0.954	1.08	1.07	1.03	0.991
58	0.997	0.912	0.968	0.889	1.02	1.02	0.995	290	1.15	1.08	1.3	0.994	1.07	1.07
59	0.937	0.966	1.01	1.03	0.992	1.02	1.23	265	0.914	0.924	1.03	0.807	0.891	1.02
60	0.989	0.955	0.929	1.12	0.969	1.13	0.973	291	0.851	1.04	1.06	1.04	1.03	1.1
61	0.995	1.26	1.06	0.88	0.811	0.978	0.992	254	0.912	0.865	0.987	1.07	1.07	0.946
62	0.944	0.922	1.11	1.16	1.15	1.08	1.13	252	1.01	1.2	0.923	1.2	1.14	0.968
63	0.954	1.12	1.17	0.965	0.979	1.08	1.07	252	1.08	0.842	0.859	1.13	1.2	0.985
64	0.996	0.875	0.981	0.862	0.799	1.09	0.931	252	0.896	1.2	0.912	0.941	1.16	1.07
65	1.01	1.02	0.989	0.958	1.05	0.977	1.31	244	1.06	0.936	0.881	1.05	1.12	0.921
66	1.04	0.995	1.17	0.983	1.09	0.976	0.835	250	0.754	1	1.14	0.788	0.797	1.02
67	0.935	1.01	0.846	0.887	0.922	0.933	1.07	241	1.17	0.991	0.99	1.03	1.07	1.01
68	0.959	1.18	0.831	0.791	0.9	0.906	0.95	264	1.25	1.1	0.982	0.849	0.904	1.11
69	1.02	0.927	0.927	1.05	0.967	1.06	0.925	293	0.874	0.984	1.02	0.844	0.955	0.974
70	1.03	1.08	1.02	1.05	0.859	1.07	1.11	274	1.04	0.841	1.25	1	1.05	0.878
71	1.02	0.992	1.03	1.11	0.869	1.12	0.78	268	1.06	0.963	0.957	1.09	0.877	1.13
72	1.12	0.842	1.15	0.763	1.08	0.985	0.871	295	0.903	1.08	0.921	1.02	0.968	1.05
73	1.11	1.06	1.19	1.12	1.19	0.89	0.85	297	1.11	1.11	1.15	0.86	0.952	0.873
74	0.947	1.13	1.06	0.814	1.12	1.11	0.853	287	1.01	1.16	1.11	0.979	1.01	0.861
75	0.955	1.04	1.15	0.931	1.07	0.975	1.04	266	0.845	1.11	0.872	0.899	1.01	1.06
76	0.966	1.03	1.2	0.888	1.25	0.977	0.705	281	1.15	1.01	0.907	0.885	0.943	1.07
77	0.933	1.16	0.836	0.959	1.02	0.999	1.15	288	0.947	0.97	1.07	1.03	1.02	0.94
78	0.905	0.814	0.918	0.807	1.26	0.972	1	265	0.919	0.981	0.942	1.2	1.05	0.949
79	0.981	1.15	1.12	1.03	0.899	0.947	0.783	283	1.11	0.928	1.09	1.06	1.1	1.03
80	0.877	0.913	1.01	1.03	1.01	1.07	1.12	286	0.941	0.982	1.2	1.03	0.841	1.03
81	1.05	1.18	0.843	1	0.905	0.972	1.01	265	1.16	1.04	0.992	0.947	0.964	1.15
82	1.02	1.15	0.839	1.12	0.94	1.03	1.19	294	1.11	1.09	0.978	1.05	0.889	1.05
83	1	0.958	1.27	1.12	0.812	1.04	1.16	252	0.988	0.859	1.05	0.802	0.915	0.994
84	1.15	0.804	0.83	1.06	0.874	1.02	0.879	289	0.939	0.912	0.861	1.14	1.03	1.18
85	1	0.972	1.01	0.836	0.78	1.09	1.11	273	1.12	0.956	0.977	1.21	1.03	0.7
86	0.988	1.07	0.816	0.901	0.839	1.03	1.1	267	1.15	0.862	1.38	1	1	1.08
87	0.966	0.928	0.759	1.18	1.08	1.1	0.974	297	0.922	1.11	1.19	1.15	1.03	1.02
88	1.02	1.02	1.1	1.1	1.09	0.994	1.06	268	0.991	1.1	1.12	0.989	1.06	1.08
89	1.04	1.02	0.96	0.924	1.16	1.07	1.01	251	1.07	0.902	0.985	1.15	0.875	0.996
90	0.822	1.01	1.06	0.931	1.06	0.985	0.939	258	0.941	0.977	1.15	1.08	1.01	0.873
91	0.855	0.966	0.926	1.14	1.21	1.04	1.08	255	1.03	0.939	1.13	1.08	0.96	0.955
92	1.04	1.02	0.979	0.839	0.838	0.967	1.03	251	1.08	1.16	0.94	1.14	1	1.16
93	0.9	1.02	1.04	1.04	1.19	0.923	0.77	251	0.899	1.14	0.841	0.991	1.03	0.908
94	0.954	0.822	0.813	0.845	1.06	0.876	0.806	259	0.997	1.02	0.886	0.896	1.04	0.965
95	0.8	1.16	0.909	0.847	1.01	0.926	1.3	273	1.22	0.947	0.968	0.983	1.12	1.04
96	1	0.971	0.972	1.08	0.958	1.01	0.951	250	0.934	0.981	1.1	0.949	1.02	0.867
97	1.04	0.831	0.93	0.977	0.915	1.04	1.1	279	0.973	1.07	1.19	0.953	1.03	1.01
98	0.988	0.982	0.826	1.17	1.12	0.96	0.822	245	0.924	0.745	0.835	0.9	1.08	0.948
99	1.03	1.03	1.04	1.05	1.04	1.03	1.24	260	1.06	1.08	0.925	0.905	0.935	1.03
100	1.09	0.902	0.964	0.905	1.43	1.06	0.964	282	0.983	0.906	0.953	1.09	1.05	1.1
101	0.893	1.08	1.08	1.08	1.15	1.17	0.876	240	0.881	1.14	0.795	1.02	1.1	1.04
102	1.02	1.06	1.1	0.959	0.895	1	0.928	256	0.96	0.885	1.02	1.01	1	0.889
103	0.899	1.06	0.893	1.32	1.13	1.08	1.05	268	1.08	0.939	1.13	1.12	0.937	0.98
104	1.11	0.993	0.94	0.94	0.872	0.945	1.1	295	1.01	0.952	0.857	1.15	0.921	0.938
105	0.971	1.04	1.04	1.08	1.09	0.965	0.999	246	1.2	0.952	0.908	0.777	0.982	0.991
106	0.925	1.07	0.819	1	1.11	1.03	0.897	243	0.804	1.03	1.02	0.791	0.871	1.2
107	0.981	0.886	1.17	0.826	1.15	1.04	1.03	267	0.969	1.09	0.76	1.02	0.971	1.03
108	0.958	0.917	0.923	1.05	0.952	0.989	1.1	274	0.842	0.958	0.983	0.983	0.937	0.99
109	1.07	0.981	0.96	1.05	1.1	0.965	1.03	298	0.888	0.789	1.13	1.09	1.07	1.08
110	0.964	1.05	1.05	0.861	0.894	0.966	0.965	283	0.844	0.839	0.986	0.991	0.979	0.929
111	0.945	0.913	1.14	1.08	1.35	1.04	0.887	254	1.1	1.07	1.04	0.955	0.977	0.978
112	1.02	1.05	0.899	1.07	1.05	0.976	0.992	292	1.06	0.922	0.972	0.984	1.18	0.963
113	1.01	0.951	1.33	0.918	0.963	0.973	0.828	249	0.915	1.05	1.11	0.973	0.858	1.08
114	1.06	1.09	1.02	1.2	0.985	1.15	1.04	247	1.33	0.937	0.819	0.958	1.08	1.12
115	0.929	1.01	1.04	0.992	0.842	0.985	1.04	282	1.08	1.06	0.972	1.15	0.995	0.815
116	1.11	0.845	0.934	1.11	1.15	0.928	0.969	281	0.951	1.22	0.767	1.02	1	1.12
117	1.01	0.95	0.948	0.991	0.997	0.956	1.03	284	0.919	0.977	1.18	0.971	1.09	0.916
118	0.84	1.05	0.865	1.04	0.783	0.971	1.01	276	0.95	1.07	0.999	0.934	1.11	0.885
119	1.02	0.872	0.955	0.835	0.871	1.07	0.912	300	1.05	1.2	0.927	0.865	1.07	1.17
120	1	0.934	1.07	1.09	0.972	1	0.917	279	0.866	0.99	1.08	1.21	1.08	0.969
121	0.944	1.07	1.1	1	0.933	1.01	1.06	257	0.855	0.993	0.973	0.997	0.919	1.09
122	1.04	1.05	1.05	1.15	1.01	1.08	0.941	281	1.14	0.938	1	0.925	0.917	1.03
123	0.891	0.906	0.881	0.975	1.01	0.954	0.771	279	0.876	1.27	0.871	1.17	0.972	1.09
124	0.982	1.08	0.897	0.952	1.1	0.926	0.814	269	0.829	1.11	0.955	1.01	0.996	1.07
125	1.1	1.05	1.03	1.01	1.2	1.05	0.944	244	0.883	0.984	0.825	0.861	1.1	0.909
126	1.04	0.786	0.874	0.951	1.07	1.04	1.04	249	1.02	0.857	1.2	1.14	0.907	0.991
127	1.03	0.863	1.18	0.979	1.03	0.976	1.15	272	1.07	0.899	0.968	1.12	0.898	1.04
128	0.989	0.931	1.28	1	0.925	1.1	0.883	260	0.876	0.957	0.998	0.865	1.05	1.09
129	0.925	0.831	1.03	1.01	0.908	0.894	0.798	264	1.06	1.04	0.979	0.915	1.01	1.11
130	0.867	0.953	0.93	1.18	1	0.932	1.21	260	1.15	1.1	0.973	1.25	0.923	1.02
131	1.03	0.885	0.967	1.11	0.88	1.01	0.892	262	0.923	1.05	0.933	1.26	0.948	1
132	1.08	1.24	0.838	1.21	0.87	0.982	1.06	266	0.992	0.815	1.09	0.811	1.12	1.17
133	0.938	1.04	0.845	1.01	1.18	1.04	1.17	277	1.12	1.09	0.955	1.06	0.989	1
134	0.951	1.03	1.16	0.902	0.853	1.06	0.982	298	0.854	1.02	1.03	1.03	1.01	0.929
135	0.882	1.08	0.844	1.24	0.909	0.983	1.14	267	0.812	1.03	0.924	1.01	0.909	0.914
136	0.982	0.925	0.901	0.95	1.01	1.03	0.81	299	0.984	1.02	1.18	0.901	1.06	1.04
137	0.905	0.872	1.16	0.822	0.803	0.978	0.878	250	1.12	1.05	1	1.01	1.03	1.11
138	1.01	1.06	1.07	1.06	0.856	1.05	0.796	274	0.929	0.94	1.03	0.843	1.04	1.07
139	0.987	1.11	0.893	0.851	1.07	0.994	0.928	269	0.974	1.13	1.07	0.977	1.08	0.798
140	0.999	1.1	1.01	0.93	1.16	0.96	0.965	246	1.11	0.836	1.03	0.927	1.09	1
141	1.09	1.09	0.809	0.998	1.11	1.09	1.01	246	0.997	0.955	1.06	1.31	0.96	0.944
142	1.05	1.05	0.907	1.07	0.926	0.89	1.07	286	0.872	1.02	0.905	1.03	1.03	1.03
143	0.997	0.885	1.06	0.907	1.02	0.99	0.989	248	0.952	0.866	1.04	1.04	0.859	1.09
144	0.88	1.01	1.07	0.988	0.935	0.933	0.763	261	1.02	1.08	1.15	0.992	1.1	1.05
145	1.08	0.887	1.04	1.05	1.12	1.06	0.966	258	0.82	1.07	1.18	0.904	1.06	0.957
146	1.04	0.962	1.11	0.899	1.05	1.09	0.932	275	0.816	1.08	0.885	0.823	0.928	0.971
147	1.01	1.14	0.991	1.01	0.956	0.877	1.07	275	1	1.02	1.01	0.815	0.958	1.01
148	0.937	0.871	0.915	1.02	0.918	0.969	0.934	295	0.791	1.17	1.15	0.917	0.781	0.973
149	0.981	0.946	1.29	1	1.17	0.957	1.04	296	1.05	1	0.982	1.36	0.894	1.21
150	0.939	1.04	0.949	1.14	1.08	0.95	0.974	253	0.851	1.1	0.984	1.01	1.07	0.804
151	1.04	1.01	0.932	0.906	1	1.1	0.808	274	1.24	0.973	1	1.03	0.961	0.918
152	0.943	1.17	0.886	1.38	1.07	0.967	0.979	261	0.88	0.849	1.11	0.938	0.989	1.02
153	1.01	0.963	0.986	0.85	0.939	1.01	1.25	286	1.03	0.961	0.994	1.15	1.05	1.06
154	0.962	0.952	1.08	1.04	1.23	0.983	1.06	243	0.908	1.19	0.983	1.22	1	0.961
155	0.957	1.01	1.01	0.883	0.896	1.03	0.875	291	0.838	1.09	0.822	1.04	1.02	1
156	1.03	0.813	1.24	1.23	0.841	0.953	0.874	240	1.05	0.995	0.965	0.927	0.967	0.91
157	0.99	1.04	0.881	0.817	1.25	0.979	1.03	244	0.911	0.854	1.14	0.958	1.16	1.01
158	0.95	0.801	1.04	0.994	1.07	1.01	1.04	285	1.19	0.878	1.05	0.997	0.899	1.05
159	0.913	1.02	0.965	1.08	1.08	0.865	0.903	281	0.987	1.12	1.12	1.06	1.02	0.94
160	1.04	0.997	1.05	0.984	0.923	0.922	0.991	296	0.86	1.17	0.848	0.714	0.998	1.07
161	1.01	0.956	0.956	1.06	1.08	0.919	1.08	279	1.22	1.02	1.01	1.05	1.01	1.01
162	0.951	1.16	1.08	0.989	1.23	1.08	0.976	244	1.05	1.23	1.24	0.965	0.902	0.977
163	0.976	1.03	1.05	0.95	1.07	1.04	1.05	261	1.27	0.906	0.876	0.773	0.914	1.07
164	0.956	1.19	1.14	1.15	0.911	1.04	1.03	275	1.08	1.06	0.965	0.988	0.983	1.01
165	0.91	0.94	1.09	0.844	0.707	0.885	1.03	275	0.978	0.834	1.13	1.02	1.06	1.04
166	1.05	1.02	0.912	1.04	0.971	0.95	0.93	247	0.989	0.943	1.09	0.759	1.15	1.05
167	1.08	0.989	0.82	0.997	0.877	0.954	1.14	267	0.988	1.07	0.938	1.13	1.07	0.883
168	1	0.951	0.841	0.905	0.986	0.991	0.892	294	1.03	1.11	0.963	1.02	1.13	1.06
169	0.986	0.976	0.87	0.972	1	0.895	1.11	298	0.839	1.09	0.946	1.07	0.994	1.09
170	0.9	1.02	0.795	1.08	1.02	1.02	1.28	278	1.08	1.03	0.999	1.03	0.897	1.11
171	0.973	1.11	0.916	0.991	1.04	0.963	1.14	273	1.17	1.05	0.913	1.13	0.962	0.931
172	1.13	0.877	1.14	0.934	1.04	1	1.03	287	1.1	1.14	1.11	0.837	0.898	0.966
173	1.07	0.861	0.926	1.21	1.17	0.977	0.963	288	0.982	1.08	1.02	1.17	0.918	0.975
174	1	1.06	0.977	1.02	0.972	0.939	0.812	268	0.897	0.839	0.874	1.13	0.944	1.03
175	1	1.05	0.94	1.17	1.31	0.971	0.791	262	0.938	1.13	1.05	0.967	1.24	0.997
176	0.92	0.899	0.979	0.932	0.928	1.15	1.32	245	1.07	1.05	1.09	0.81	0.962	0.921
177	1.03	0.892	1.15	1.01	1.04	1.07	0.901	250	0.916	0.966	0.886	0.985	1.02	0.733
178	0.923	1	1.21	1.01	0.974	1.11	0.922	250	1.01	1.07	0.914	1.08	1.21	0.953
179	1.1	1.1	1.11	0.874	1.06	1.09	1.17	293	0.973	0.827	1.03	0.957	1.01	0.932
180	1	0.988	0.867	0.846	0.974	0.972	0.997	258	0.897	0.896	1.04	0.965	1.13	0.975
181	1.11	0.954	1.12	1.26	0.933	0.896	0.98	258	1.33	0.87	1.16	1.13	0.991	1.05
182	0.934	1.15	0.921	0.908	0.903	1.08	0.969	296	0.967	0.951	0.836	1.03	1.04	0.936
183	0.976	0.991	0.916	0.983	1.07	0.959	0.783	253	0.956	0.953	0.967	1.17	1.15	1.01
184	1.1	1	1.03	1.08	1.09	1.01	1.09	259	1.07	1.08	1.04	0.949	0.901	0.977
185	0.952	0.981	1.08	1.22	0.986	0.982	0.923	278	1.08	0.77	1.43	1.07	1.07	0.995
186	0.952	0.806	0.953	0.884	0.835	0.939	1.2	255	0.821	1.25	0.882	1.07	1.03	0.902
187	0.966	1.16	0.935	1.08	0.988	0.935	0.968	245	0.945	1.04	0.999	0.979	1.08	0.848
188	1.07	0.834	1.02	1.05	0.927	0.893	0.995	257	0.966	1.04	0.984	0.949	0.882	1.22
189	0.971	0.959	1.08	0.887	0.971	0.849	1.1	253	1	0.915	1.15	1.11	1.16	1.18
190	1.11	0.791	0.956	0.927	0.995	1.13	0.842	280	0.98	1	0.868	1.27	0.787	1.27
191	0.918	1.04	1.11	1.13	1.26	1.08	1.01	241	1.1	1.33	1.09	1.2	1.11	1.01
192	0.897	1.19	1.04	0.999	1.02	0.907	1.04	283	1.14	0.974	1.08	0.95	0.992	0.859
193	0.958	0.916	0.97	0.921	0.865	1.02	1.06	284	0.993	0.961	1.03	1.2	1.09	0.914
194	1.01	1.09	1.09	1.01	0.999	1.01	1.12	252	0.868	1.13	0.901	0.874	0.98	1.19
195	0.95	0.977	0.928	0.989	1.13	1.09	1.04	271	1.09	1.11	1.29	1.19	1.05	1.09
196	0.935	0.811	1.19	1.13	1.08	1.07	1.12	240	1.29	0.872	1.12	0.821	1.01	1.04
197	1.09	1.03	1.14	0.882	1.07	0.995	0.963	256	0.912	1.13	0.978	0.995	0.986	0.818
198	1.02	1.19	1.03	1.17	1.05	1.04	0.957	288	1.02	1.1	0.828	1.36	0.936	1.12
199	0.993	1.21	1.12	1.12	1.2	0.94	1.11	261	0.959	1.03	0.929	1.11	0.951	1.01
200	1.04	0.97	1.07	1.03	0.97	1.02	1.28	241	1.1	1.29	1.2	1.01	0.791	0.923
201	0.947	0.933	0.898	0.987	1.07	1.13	1.07	280	1.03	0.862	0.883	0.998	1.02	1.01
202	0.924	1.09	0.991	0.875	0.893	0.937	1.02	280	1.31	0.942	0.996	1.12	1	0.983
203	1.06	0.889	0.931	1.2	0.855	1.01	0.93	281	0.829	1.08	0.979	1.04	1	0.967
204	0.961	0.965	0.888	0.856	1.15	0.936	0.87	249	0.878	0.994	1.09	0.93	1.08	0.95
205	1.01	1	1.09	0.98	1.01	1.03	0.918	274	1.15	0.899	1.2	0.937	1.06	1.05
206	1.03	0.924	1.01	0.894	1.09	1.02	1.05	293	1.13	1.13	1.26	0.908	1.02	0.928
207	0.969	1.06	0.922	0.974	1.05	0.941	1.27	256	0.994	0.956	0.95	0.944	1.18	1.19
208	1.1	0.96	1.07	0.968	0.87	1.03	1.19	271	1.03	0.866	0.754	0.971	1.11	0.769
209	0.946	1.02	1.15	0.878	1.04	1.1	0.911	271	1.26	0.812	0.804	0.991	0.942	0.924
210	0.993	0.88	0.958	1.04	1.1	0.976	0.985	258	1.2	1.15	1.08	0.727	1.01	1.02
211	0.972	0.947	0.919	0.956	1.09	1.02	0.855	270	0.99	1.01	0.991	1.06	0.912	0.91
212	1.12	1.07	0.998	1.04	0.853	1.1	1.29	253	1.24	0.903	0.886	1.08	1.09	0.865
213	1	1.08	0.889	1.07	0.907	0.954	0.838	288	0.883	1	0.898	0.977	0.888	1.05
214	0.957	0.82	0.928	1.09	0.953	0.87	0.951	300	0.916	1.08	0.896	0.919	0.873	1.1
215	0.931	1.01	0.723	1.15	0.848	0.887	0.881	243	1.13	0.964	1.02	1.21	1.1	1.09
216	1.03	1.1	0.879	0.914	1.03	1.09	1.2	295	1.04	1.04	1.06	0.959	1.01	1
217	0.993	1.09	1.07	1.03	0.892	1.19	1.16	293	0.765	1.07	1.02	1.18	0.893	0.947
218	1.09	1.14	0.89	1.08	0.869	1.01	0.801	246	1.21	1.1	0.93	1.12	0.998	1.07
219	0.908	1.07	1.08	1.12	1.24	1.1	0.853	268	1.04	1.17	0.864	1.07	0.906	1.09
220	1.05	0.957	1.07	1.05	0.906	0.991	1.1	266	0.958	1.07	1.07	0.921	0.958	0.955
221	1.03	0.882	1.22	1.14	1.14	1.11	0.954	256	0.903	0.971	1.1	0.786	1.04	1
222	1.1	1.12	0.828	1.25	0.944	0.942	0.962	250	0.847	0.879	0.887	0.921	1.12	0.986
223	0.873	1.03	1.11	1.02	1.12	0.879	0.905	244	0.972	1.05	0.851	0.985	0.854	1.14
224	1.01	1.01	1.04	1.27	0.969	0.97	1.12	295	0.976	0.97	0.936	0.972	1.09	1.11
225	0.949	0.963	1.19	1.02	0.94	1.02	0.914	295	0.92	1	1.05	0.848	1.18	1.07
226	1.02	1.01	0.859	1.12	0.865	0.921	1.05	247	1.07	1.17	1.17	0.948	0.884	0.918
227	0.882	1	0.942	0.893	0.82	0.962	0.917	294	0.782	0.811	0.861	1.05	1.02	0.975
228	1.01	1.02	1.03	1.12	0.805	1.01	1.06	242	0.807	1.2	0.873	0.897	0.919	0.889
229	0.977	1.09	0.897	1.19	1.04	1.06	1.1	293	0.909	1.02	0.91	1.03	1.08	1.17
230	0.961	1.14	1.01	0.948	0.968	0.988	1.05	275	0.959	0.956	1.1	0.814	0.937	1.14
231	0.918	1.02	1.24	1.08	0.989	1.14	0.888	245	1.01	1.38	0.853	0.932	0.954	0.994
232	1.01	1.02	0.971	0.871	0.89	0.966	0.968	264	1.12	0.989	0.954	1.05	0.975	1.06
233	0.949	1.06	0.921	1.04	1.12	1.03	0.951	279	0.852	0.962	1.05	1.05	1.08	1.05
234	0.981	1.07	1.14	0.992	1.11	0.939	0.789	244	1.03	1.26	0.904	0.981	1.03	1.11
235	0.999	0.991	0.879	1.07	1.16	0.979	1.08	289	1.01	0.914	0.925	0.922	1.01	1.12
236	0.963	0.94	0.934	0.9	1.04	0.994	0.933	241	1.01	0.802	1.17	1.06	1.03	1.09
237	1.03	1.05	1.01	0.756	0.7	1.21	0.883	284	1.16	0.884	1.1	0.941	0.785	0.993
238	0.899	0.949	1.2	1.21	0.967	0.954	0.854	288	0.873	1.06	1.07	1.09	0.933	1.14
239	1.13	0.884	0.948	1.29	0.862	0.986	1.11	278	0.846	0.845	1.06	1.12	0.994	1.05
240	1.2	0.984	1.26	1.03	0.885	0.921	1.05	263	0.849	0.894	1.11	0.99	0.9	0.779
241	0.982	1.11	0.951	0.937	0.945	0.97	1.26	260	1.08	1.28	0.909	1.04	1.11	1.01
242	0.952	1.14	1.07	0.91	1.13	0.907	1.02	275	0.83	1.13	1.13	1.06	0.97	0.988
243	0.937	1.11	0.965	0.92	0.827	1.02	1.09	285	1.06	1.01	1.29	1.01	1.1	1.11
244	1.03	0.978	0.903	1.01	0.967	0.982	0.926	271	0.956	1.05	0.989	1.04	1.04	1.14
245	0.997	1.1	1.08	1.1	0.891	1.04	0.923	290	1.03	1.21	1.06	0.919	0.949	0.987
246	0.979	0.928	1.21	1.02	1.11	0.974	0.879	286	1.17	1.13	0.997	1.09	0.976	0.98
247	0.967	0.956	0.884	0.938	0.95	0.896	1.03	299	0.94	1.3	0.907	1.1	1.09	0.845
248	1.04	0.941	0.977	1.05	0.992	1.07	0.921	242	0.992	0.972	1.05	1.29	1.04	0.931
249	0.972	1.02	1.02	0.995	0.977	0.988	0.992	252	1.11	1.06	1.19	0.97	1.19	1.04
250	1	1.13	1.09	1.01	1.08	0.93	1.14	244	0.938	1.01	0.923	1.1	0.965	1.06
251	0.945	0.991	1.21	1.09	0.916	0.973	1.05	299	1.1	0.96	1.1	0.942	1.03	0.899
252	1.07	1.05	0.911	0.891	0.968	1.04	1.16	276	1.12	0.88	0.917	1.08	1.02	1.01
253	0.903	0.899	0.932	1.16	1.07	1.06	0.786	267	0.846	0.704	0.947	1.28	1.1	0.894
254	1.06	0.96	1.01	1.22	0.914	0.961	0.825	297	1.07	1.02	0.959	1.05	1	0.97
255	0.936	1	1.09	0.925	1.14	1.04	0.96	279	0.894	0.911	0.88	0.936	0.974	1.02
256	0.995	1.06	1.12	1.11	0.955	0.98	1.35	299	0.953	1.12	1.04	1.15	1.1	1.29
257	1.03	0.911	1.24	0.903	0.996	0.925	1.15	260	0.868	1.23	1.22	1.12	0.981	0.765
258	0.91	0.898	1.29	0.86	0.868	1.09	0.927	246	0.93	0.959	0.891	1.17	1.03	1.02
259	1.1	1.07	0.989	0.849	1.16	0.935	1.07	289	0.869	0.989	0.855	0.768	0.948	1.13
260	0.86	0.904	0.905	1.07	1.29	1.15	0.897	292	1.14	0.983	1.16	1.07	1.03	0.954
261	0.969	1.08	1	0.877	0.934	0.93	0.913	292	1.06	0.921	1.07	1.01	0.922	1.15
262	0.978	1.01	1.23	0.959	1.15	1.02	1.43	281	1.14	1	0.782	1.32	1.08	1.06
263	0.994	0.947	1.1	0.742	1.02	0.997	0.83	262	1.12	0.991	0.964	0.871	1.04	0.985
264	0.955	1.07	0.862	0.923	1.2	0.956	1.13	242	0.924	0.898	1	0.984	0.883	0.999
265	0.889	1.07	0.889	1.02	0.937	0.904	0.998	298	1.01	0.907	0.829	1.04	1.02	1.04
266	0.981	1.08	0.938	0.949	0.946	1.05	1.16	269	1.1	1.08	1.01	1.03	0.89	0.932
267	0.951	1.01	0.933	0.812	0.928	1.02	1.02	283	1.02	1.06	0.911	1.04	0.877	0.969
268	0.951	0.913	0.924	0.859	1.02	1.13	0.976	271	1.07	1.11	0.773	0.945	1.04	1.08
269	1.08	0.918	1.15	0.935	0.987	1.13	0.911	298	0.933	1.1	1.06	1.04	0.914	1.02
270	1.06	0.871	0.986	1.01	0.922	0.982	1.15	256	0.963	0.838	1.01	0.986	0.934	1.07
271	1.04	0.939	0.95	1.1	1.37	0.966	1.09	264	1.07	0.901	0.904	1.1	0.976	0.865
272	0.955	1.1	1.16	0.984	1.05	0.985	1.02	277	1.21	0.977	1	0.846	1.04	0.987
273	1.08	0.983	0.811	1.09	0.954	0.96	1.01	252	1.06	0.889	0.881	0.895	0.934	0.847
274	1.08	1.08	1.04	1.17	1.04	0.967	1.12	287	1.08	1.09	1.14	1.22	1.16	1.03
275	0.992	0.938	1.2	1.01	0.987	1.14	1.05	289	1.32	1.1	0.806	0.944	0.984	1.07
276	0.901	0.776	1.09	1.21	1.17	0.957	0.895	274	1.01	0.96	0.936	0.861	1.1	0.976
277	0.944	1.27	0.993	0.99	1.17	1.07	1.07	254	0.895	0.894	0.915	0.794	1.02	1.04
278	0.912	0.975	0.978	1.1	0.989	0.991	0.876	269	0.898	0.893	0.927	0.818	0.959	1.02
279	1.09	1.05	1.06	1.08	0.933	1.11	0.869	281	0.937	1.03	1.07	0.896	1.09	1.08
280	0.964	0.962	1.04	0.895	0.952	1.04	0.983	245	0.969	0.885	0.899	1.02	1.07	0.996
281	0.94	0.972	0.86	1.07	0.968	1.11	0.924	290	0.788	0.979	1.1	1.14	1.04	0.902
282	1.01	0.797	0.849	0.952	0.971	1.05	1.02	263	0.864	1.01	1.01	1.15	1.26	1.04
283	1.08	1.04	1.12	0.841	1.35	0.923	1.03	254	1.18	1.1	1.02	0.966	1.04	1.08
284	0.984	1.01	0.869	0.949	0.879	0.953	1.07	244	0.939	1.21	0.992	0.963	1.06	0.987
285	0.923	1.01	0.769	0.824	0.982	1	0.826	298	1.21	1.05	0.856	1.13	0.908	1
286	1.01	0.918	1.05	1.1	1.05	1.1	0.998	251	0.926	1.13	0.9	1.1	1.02	0.979
287	1.06	0.789	1.03	1.17	1.03	1.07	1.22	272	0.932	0.914	0.919	1.22	0.911	1.11
288	0.919	0.922	0.884	1.05	1.08	1.03	1.13	267	0.902	1.14	0.944	1.18	0.889	1.04
289	0.988	1	1.13	0.987	1.03	0.998	0.972	255	1.04	0.914	1.07	0.898	1.08	1.02
290	1.04	1.04	0.963	0.939	0.821	1.01	0.973	282	1.02	0.981	0.974	0.93	1.06	0.938
291	1.01	0.985	0.812	0.943	1.01	0.998	1.05	275	0.968	0.992	1.11	1	1.05	1.17
292	1.04	0.968	0.994	1.26	0.881	1.02	1.16	294	0.76	1.03	1.09	0.883	1.06	0.978
293	0.94	0.984	1.21	1.09	0.962	0.916	0.856	268	1.09	0.954	1.14	0.977	0.818	1.12
294	0.966	1.11	1.06	0.943	0.878	1.1	0.949	258	0.835	1.06	0.865	1.18	0.95	1.03
295	1.02	1.05	1.25	0.936	1.14	1.22	1.09	256	0.886	1.05	1.07	0.893	0.8	0.999
296	0.967	1.11	1.13	1.02	1.02	1	0.957	291	0.957	0.918	1.01	0.975	0.95	0.935
297	0.989	0.998	1.09	0.901	1.01	1.01	1.1	241	1.18	1.02	1.12	1.1	0.966	0.883
298	0.903	1.05	1.03	1.19	1.03	0.959	0.898	297	0.947	1.05	0.993	1.16	1.05	1.08
299	0.943	1.03	1.04	1.09	0.8	1.08	0.912	299	0.924	0.929	0.895	0.799	1.01	0.954
300	0.912	1.13	1.04	1.15	1.03	1.06	0.881	269	1.06	0.947	1.18	0.864	1.01	1.01
301	0.95	1.06	0.93	1.03	1.09	0.992	0.941	288	0.959	0.942	0.932	0.817	1.02	0.912
302	1.08	0.876	0.976	0.842	1.15	1.02	1.01	273	1.36	1.02	0.884	1.01	0.82	0.892
303	1.13	1.15	1.02	0.937	0.889	1.07	0.888	291	1.07	0.993	0.887	0.97	0.87	0.917
304	0.975	1.04	1	1.14	1.04	0.952	0.953	251	1.11	1	0.894	0.936	0.963	1.06
305	0.956	1.12	1	0.845	0.926	1.16	0.99	256	1.17	0.896	1.3	1.14	1.16	1.08
306	0.989	1.08	1.11	1.16	0.826	0.862	0.922	285	0.952	1.04	1.1	1.18	1.11	1.04
307	0.973	1.01	1.01	1.43	0.993	0.942	1.21	286	0.873	0.937	1.15	1.1	1.15	1.05
308	1.02	1.04	0.764	1.05	1.21	1.07	1.05	276	0.928	0.882	1.06	1.11	1.12	1.16
309	1.07	0.982	0.86	1.03	1.14	0.942	0.857	250	1	0.881	0.919	1.07	1.01	1.06
310	0.946	0.992	1.13	1.18	0.96	1.04	1.13	259	1.04	1.07	0.872	0.992	1.03	1.06
311	0.924	0.796	0.98	0.938	0.961	1.05	1.01	251	1.06	1.19	0.969	1	0.975	0.819
312	0.932	0.975	0.802	1.07	0.903	1.04	0.907	250	1.25	1.01	1.08	1.05	0.905	0.906
313	0.967	0.893	1.11	0.932	0.991	0.943	1.27	296	1.06	1.18	0.863	0.85	0.977	0.986
314	0.991	1.07	1.02	1.16	0.992	0.922	1.03	265	0.885	1.05	1.07	0.839	1.14	0.876
315	1.05	1.18	1.09	0.787	0.915	1	0.91	275	0.979	0.974	1.4	0.924	0.988	0.942
316	1.06	0.888	1.04	1.13	1.11	0.949	1.12	258	1.04	0.94	1	0.982	1.09	1.01
317	0.886	1.21	0.992	1.12	1.11	1.07	1.09	270	0.954	0.989	1.04	0.993	1.03	1.06
318	0.895	0.944	0.911	1.11	0.946	0.975	1.24	253	0.998	0.869	1.19	1.07	1.01	1.1
319	0.971	0.856	1.01	1	0.86	1.05	1.2	294	0.955	1.43	0.959	0.926	0.805	1
320	0.978	0.937	1.32	0.935	1.09	1.02	1.04	293	0.915	0.808	0.829	0.939	1.19	0.963
321	1.09	0.969	0.887	0.944	1.18	0.969	0.747	284	0.926	0.953	0.937	0.965	1.02	0.978
322	0.99	1	0.882	0.972	1.01	1.13	1.05	282	1.05	1.05	0.954	0.914	1.04	0.973
323	0.851	1.06	0.97	1.13	1.08	0.93	1.05	248	1.07	1	0.957	1.11	1.11	1.04
324	0.969	0.904	1.07	1.25	1.02	1.2	0.752	272	1.1	1.13	0.821	1.25	0.997	0.951
325	1.13	1.05	0.969	0.923	0.83	0.831	1.13	247	0.96	0.95	0.812	0.986	1.06	1.17
326	1.01	1.22	0.894	0.954	0.847	0.975	1	246	1.01	1.02	0.96	0.862	1.03	0.813
327	1.01	1.06	1.03	0.953	1.07	1.01	0.937	275	0.824	1.21	0.914	0.929	0.793	0.958
328	0.941	1.18	0.854	1.13	1.01	0.884	0.935	285	1.26	1.2	0.916	1.1	0.852	0.957
329	1.12	1	1.05	0.922	0.871	1.02	1.02	243	0.997	0.987	0.941	1.11	0.93	0.992
330	1.03	1.05	0.98	1.07	0.988	0.98	1.25	253	0.798	0.951	0.87	1.06	1.17	1.01
331	0.974	0.848	0.955	1.12	0.829	1.12	1.21	276	0.927	0.864	0.988	1.01	1.02	1.04
332	0.999	1.06	1.36	1.3	0.948	0.95	0.992	269	1.05	0.883	1.02	1.14	0.913	0.925
333	1.02	1.14	1.14	0.988	1.12	1.06	1.02	271	0.828	0.938	1.1	1.2	0.881	1.04
334	1.11	1.1	1.04	1.02	0.986	1.04	0.994	256	0.998	0.809	1.23	0.995	1.18	1.3
335	1.03	0.987	0.991	0.987	1.02	1.08	0.94	291	0.957	0.93	0.991	0.917	1.09	0.907
336	1.05	1.13	0.876	0.891	0.971	1.03	0.983	263	1.05	1.02	1.02	1.06	0.967	1.14
337	1.07	1.02	0.985	1.02	0.905	1.1	1.06	299	1.08	1.16	1.16	1.16	0.938	0.884
338	1.06	0.887	0.945	0.9	1.05	0.994	0.863	240	0.975	0.895	1.08	1.04	0.999	0.904
339	0.964	0.994	0.781	1.04	0.896	0.925	1.01	256	0.933	0.91	0.977	1.28	0.935	0.849
340	1.03	1.02	0.983	0.964	1.17	1.06	0.861	294	0.962	1.02	0.916	0.884	1.11	0.93
341	1	0.995	1.16	1.19	0.883	1.05	1.08	280	1.05	0.972	1.04	1.23	0.915	0.93
342	0.98	1.1	0.966	1.09	0.83	1	0.949	287	0.951	1.29	1.21	1.05	1.04	0.988
343	1.04	1.02	1.1	0.864	0.993	0.912	1.13	281	0.814	1.07	1.05	1.1	0.828	0.966
344	0.986	0.971	0.904	0.867	0.899	0.944	0.821	276	0.804	0.908	0.802	1.15	1.12	0.849
345	1.1	0.827	0.912	0.981	1.09	1.05	0.881	247	0.871	1.01	1.16	0.862	0.874	0.863
346	0.983	0.86	0.892	0.885	1.23	1.02	1.09	277	0.914	0.816	1.04	0.972	1.06	0.901
347	0.925	0.964	1.1	1.2	1.27	1.11	1.13	265	1.22	1.22	1.24	0.975	1.07	1.19
348	1.06	1.04	0.895	1.13	0.944	1.08	1.27	281	0.886	1.06	0.951	1.05	1.14	0.964
349	0.988	0.899	0.942	1.19	0.902	0.964	0.986	277	0.901	0.999	0.994	1.33	1.03	0.897
350	0.97	1.02	0.775	1.19	0.89	1.01	0.898	269	0.996	1.09	1.03	1.18	0.892	0.83
351	0.926	0.969	0.878	0.825	1.18	0.949	1.09	248	1.11	1.18	0.956	1.06	1.08	1.03
352	0.956	0.958	1.06	0.969	1.17	1.02	1.19	242	0.948	0.975	0.908	1.27	0.947	0.859
353	1.13	1.13	0.998	0.804	1.07	1	0.911	290	1.03	0.998	1.37	1.02	0.965	0.837
354	0.969	0.927	0.925	0.838	1	1.06	1.16	298	0.879	1.23	0.899	0.935	1.09	0.982
355	1.05	1.15	0.945	0.831	1.23	0.94	0.947	294	1.16	1.09	0.939	1.16	0.922	0.86
356	0.985	0.973	1.03	1.03	1.09	1	1.2	268	1.01	1.06	1.05	1.12	1.08	1
357	0.968	1.04	0.849	0.967	1.11	1.08	1.03	244	1.09	1.11	1.07	0.947	0.859	0.97
358	0.916	1.04	0.981	0.854	1.02	1.09	0.864	292	0.848	0.998	0.827	1.26	0.926	0.989
359	0.878	1.1	0.954	0.847	0.976	1.05	0.964	250	1.04	0.924	0.935	0.994	1.07	0.956
360	1.07	1.03	1.09	0.918	1.04	0.897	1.31	272	0.926	1.16	0.948	1.02	0.991	0.908
361	0.953	0.974	0.799	0.837	0.932	0.913	0.964	290	1.18	1.01	0.985	0.907	0.942	0.912
362	1.06	0.903	1.04	0.877	0.929	0.917	0.933	293	1.24	1.05	1.03	1.19	0.889	1.06
363	0.979	1.12	0.999	1.09	0.981	1.04	1.23	264	0.818	1.26	1.06	0.915	1.1	1.1
364	1.12	0.935	0.984	0.975	1.1	0.951	1.14	273	0.832	1	0.95	1.04	1.03	0.861
365	1.02	1.03	0.852	1.11	1.01	0.86	0.908	263	0.991	1.02	1.12	0.937	0.933	1.01
366	0.964	0.987	1.07	0.989	0.943	1.09	0.837	284	1.09	1.04	0.867	0.859	1.08	1.19
367	1.14	1.04	0.854	0.789	1.05	1.03	0.989	287	1.02	0.917	1.08	1.16	0.836	0.933
368	0.958	1.05	1.1	1.05	0.809	1.08	1.11	272	0.89	0.933	0.971	0.954	1.3	0.884
369	0.966	1.15	0.975	1.06	1.03	1.06	0.809	279	1.25	1.24	1.19	1.25	0.944	0.838
370	1.03	1.06	1.03	0.885	1.14	0.914	1.07	292	1.02	1.08	0.952	1.11	0.908	0.841
371	1.03	1.07	0.913	1.18	0.857	0.998	1.25	274	0.915	0.921	0.97	0.995	0.995	1.16
372	0.915	1	1.01	0.858	1.04	0.857	1.07	292	0.965	1.01	0.868	0.878	0.893	0.996
373	1.05	0.891	1.13	0.869	1.05	0.997	0.977	245	1.24	1.07	1	0.999	1.07	1.07
374	0.97	0.98	0.826	1.2	1.08	0.903	1.06	260	1.07	0.996	1.01	0.834	1.07	1.06
375	1.02	0.867	0.975	0.931	1.07	0.968	0.925	282	0.986	1.12	0.953	1.02	1.01	1.01
376	0.978	0.957	1.01	0.937	1.16	0.949	0.898	257	0.933	0.927	1.01	1.09	0.987	1.05
377	1	0.926	0.912	1.19	1.11	1.01	0.915	249	1.11	1.05	0.862	1.03	0.902	0.837
378	1.09	1	1.06	0.969	0.988	0.915	0.87	299	1.05	0.941	0.816	0.959	0.955	0.936
379	0.977	1.07	0.852	0.868	0.96	1.02	1.04	278	0.834	1.19	1.33	0.963	0.969	1.13
380	1.06	0.997	0.997	1.12	1.02	0.988	1.25	293	0.773	0.954	1.04	0.912	0.951	1.08
381	0.991	1.09	0.922	0.9	1.28	1.23	1.17	258	1.02	1.19	1.1	1.18	1.06	1.04
382	0.922	1.15	0.846	0.975	1.11	0.812	1.02	274	0.965	0.92	1.16	1.22	0.952	1.12
383	0.888	1.09	0.973	0.923	1.05	0.89	0.945	246	0.945	0.781	0.791	1.15	0.94	0.953
384	0.992	0.868	0.873	1.03	0.949	1.04	1.06	250	1.16	0.912	0.856	0.977	0.993	0.903
385	0.893	0.835	1.12	0.889	1.03	0.882	0.877	283	1.04	1.06	0.893	0.969	0.932	1.1
386	1.07	0.93	1.09	0.85	0.963	0.898	1.08	259	0.983	1.16	0.906	1.17	1.15	1.05
387	1.03	0.927	0.969	0.906	0.849	1.09	1.17	270	1.02	0.929	0.948	1.3	1.06	0.974
388	1.07	1.06	0.732	1.22	1.17	0.919	0.882	257	1.09	1.07	0.988	0.909	0.726	1.03
389	0.984	1.12	1.11	0.966	1.04	0.982	0.978	266	1.43	0.94	1.14	0.952	1	1.09
390	1.02	0.935	0.957	0.813	1.14	0.972	1.02	280	0.921	0.987	0.953	1.18	1.05	1.24
391	1.01	1.01	1.03	0.955	0.999	1.12	1.19	251	0.745	1.25	1.14	1.06	0.941	1.03
392	0.924	0.985	0.998	1.07	1.06	1.01	0.968	265	1.04	1.21	1	1.12	1.05	0.998
393	1.04	1	1.14	0.867	1.01	0.922	0.933	298	1.15	1.04	0.842	0.847	1.04	1.07
394	1.07	0.902	1.06	1.24	0.954	1.02	0.908	247	0.946	0.829	0.909	0.867	1.17	0.967
395	1.07	1.01	1.02	0.7	1.01	1.11	1.07	269	0.936	0.843	0.763	0.952	1.09	1.06
396	0.981	0.98	0.977	0.948	0.959	0.909	0.973	248	1.05	1.18	0.924	0.981	0.855	0.973
397	1.01	1.13	0.776	0.981	1.04	1.01	0.891	293	0.918	0.822	1.14	0.828	1	0.933
398	0.934	0.941	0.911	1.1	0.998	1.07	0.984	296	0.863	1.24	1.04	0.952	0.931	1.01
399	0.937	1.04	1.05	0.967	1.18	0.961	0.803	251	0.937	1.03	1	1.01	0.895	1.05
400	0.914	0.955	0.978	1.09	0.795	0.903	0.984	277	1.05	0.739	1.19	0.874	1.02	0.787
401	0.975	1.02	1.17	0.929	1.42	1.18	1.23	286	1.13	0.861	1	0.852	1.04	1.1
402	1.03	0.85	1.07	0.912	0.905	1.08	0.905	249	0.779	0.992	1.18	1	0.924	1.02
403	1.05	0.922	0.983	0.935	0.819	1.02	1.06	289	0.979	1.26	1.21	1.17	0.861	1.17
404	1.04	1.16	0.996	0.943	1.08	1.01	0.861	241	0.9	1.06	0.807	1.09	0.999	1.03
405	0.864	1.03	1.06	0.972	0.921	0.933	0.956	265	0.911	0.875	0.982	1	0.909	0.881
406	0.961	0.884	0.851	0.99	1.05	1.1	1.04	256	1.06	0.964	0.935	1.09	0.986	1.11
407	1.08	0.893	1.02	0.83	1	0.816	0.913	260	0.935	0.873	0.809	1.03	0.863	1.11
408	1.01	1.16	1.12	0.87	1.04	0.975	0.931	266	0.794	1.04	1.15	1.28	0.933	1.01
409	1.06	1.1	1.04	0.959	0.866	1.04	1	271	1.02	1.03	1.04	0.7	1.02	1.04
410	1.04	0.94	0.905	1.03	0.894	0.991	1.1	251	0.861	0.836	0.85	1.02	0.824	1.03
411	1.01	1.04	1.04	0.84	1.03	0.962	0.977	263	0.987	1.05	1.16	0.942	1.1	1.08
412	1.06	1.01	1	0.823	1.18	0.91	0.952	262	0.994	0.859	1.15	0.964	1.13	0.972
413	0.971	0.961	1.08	0.938	0.943	1.05	0.886	261	0.999	1.1	0.986	0.954	0.952	1.09
414	0.986	1.07	1.31	0.964	1.03	0.971	1.11	292	1.02	0.938	0.96	1.04	1.03	0.98
415	1.15	0.848	1.18	0.855	0.94	1.03	1.14	245	1.03	1.12	0.966	1.11	0.865	0.952
416	0.98	0.908	1.05	1.15	0.991	1.01	1.18	269	0.902	0.967	1.18	1.03	1.1	1.13
417	1.03	1.08	1.18	1.2	1.08	1.03	0.741	295	0.993	0.886	0.84	0.888	0.924	0.962
418	0.92	1.08	0.909	0.895	0.94	1.04	0.925	240	1.02	0.851	1.01	1.11	0.761	1.13
419	0.949	0.897	0.984	1.14	0.802	1.05	1.09	266	0.97	0.932	1.06	0.945	0.7	1.02
420	0.972	1.29	1.06	1.04	1.01	0.924	1.03	249	0.761	1.18	0.947	0.911	1	0.911
421	1	0.9	0.921	0.964	0.964	0.964	1.04	293	0.955	1.06	0.794	1.04	1.02	1.1
422	0.941	0.988	0.927	0.917	1.13	1.05	1.05	283	1.07	0.982	0.972	1.03	0.98	0.992
423	1.15	0.936	0.792	0.935	1.08	1.06	0.959	260	0.863	1.04	1.22	0.99	1.14	0.887
424	1.04	0.9	0.837	1.03	1.04	1.08	0.954	250	1.04	0.944	1.08	0.924	1.1	0.858
425	0.954	0.897	0.992	0.993	0.792	1.01	0.7	255	0.961	0.874	1.09	0.892	1.09	1.21
426	1.1	0.855	0.858	1.1	1	1.05	0.942	259	1	0.9	1.08	1.16	1.13	0.987
427	1.02	0.989	1.09	1.09	1.07	1.02	1.07	280	1.17	0.949	1.31	0.886	0.997	1.12
428	0.905	1.06	1	1.05	0.948	0.968	1.18	273	1.05	0.998	0.808	1.01	0.814	1.04
429	1	1.07	0.985	1.03	0.851	1.03	1.03	267	0.858	1.15	1.2	0.898	0.924	1.15
430	1	1.04	1.13	1.27	1.05	1.09	1.06	246	0.899	1	1.23	1.04	0.867	0.742
431	0.876	0.996	1.06	0.963	1.1	1	0.934	261	1.28	0.947	0.894	0.934	0.905	0.951
432	1.07	0.976	1.14	0.965	1.25	0.963	1.12	270	0.974	0.935	0.889	1.15	1.1	1.02
433	0.929	1.19	0.996	0.979	0.948	0.976	0.841	245	1.07	0.966	0.931	0.935	0.877	0.97
434	1.14	1.09	0.996	1.26	0.85	0.911	0.946	251	0.952	1.04	1.01	1.02	0.917	1.03
435	1.03	0.842	1.2	1.02	0.908	1.09	0.797	244	0.959	1.02	0.917	1.01	0.942	1.06
436	1.09	1.09	0.927	0.997	1.01	0.847	1.08	246	0.885	1.18	0.83	0.97	1.11	0.943
437	1.06	1.08	1.09	1.25	1.1	1.02	0.852	285	1	0.916	1.06	1.03	1.05	0.939
438	1	1	1.25	0.855	0.981	0.897	1.09	262	1.09	0.936	1	1.03	1.03	0.906
439	1.07	0.853	1.18	0.89	0.932	1.01	0.987	262	1.13	1.08	0.998	0.993	1.13	0.999
440	0.976	0.929	1.03	1.22	0.944	0.927	1	288	1.14	1.18	1.04	0.946	0.849	0.963
441	1.02	1.03	1.02	1.18	1.16	0.936	1.03	275	1.13	1.09	0.95	0.88	1.2	1
442	0.957	0.907	0.931	0.953	0.979	0.917	0.86	260	1.08	0.963	1.1	1.05	0.984	0.922
443	1.05	0.878	1.22	0.89	0.927	0.994	1.15	260	0.927	0.948	1.1	0.994	0.9	0.925
444	0.974	0.955	1.03	0.873	1.33	1.02	1	248	0.962	0.968	1.05	0.82	0.904	1.11
445	0.919	0.868	1.22	1.23	1.24	1.09	0.906	253	1.12	0.943	1.04	0.902	0.969	1.16
446	1.07	1	1.03	0.745	0.975	0.926	1.08	248	1.09	1.07	0.879	1.23	1.06	1.04
447	1.18	0.914	1.2	1.1	1.02	1.15	0.866	291	1.11	1.1	1.16	1.11	0.917	1.02
448	1	1.02	1.08	0.973	0.989	1.11	1.08	287	1.06	0.914	0.86	0.853	0.93	0.966
449	1.04	1.1	0.878	1.11	1.05	0.889	1.05	265	1.05	0.764	1.17	1	1.13	1.07
450	1.12	1.09	1.13	1.09	1.2	0.992	1.04	290	1.39	0.971	0.984	0.94	0.985	1.1
451	0.906	0.979	0.954	1	0.999	0.914	1.09	276	1.26	0.892	0.848	0.933	0.906	0.864
452	0.96	1.03	1.06	1.01	0.912	0.927	0.84	299	0.975	1.03	1.03	1.43	1.04	1.16
453	1.1	0.904	0.944	0.834	1.11	0.956	1.01	265	0.977	1.01	0.984	1.02	1.06	1.02
454	0.938	0.892	0.863	1.13	1.05	0.917	1.19	254	1.18	1.25	1.05	0.967	1.12	1.14
455	1.15	1.01	1.21	1.11	0.901	0.995	0.948	278	0.941	1.15	0.996	1.16	0.981	1.21
456	0.976	0.95	0.946	1.01	1	0.981	1.02	250	0.964	0.965	0.989	0.871	1.05	0.998
457	0.943	1.03	1.05	0.782	1.11	0.987	0.86	289	0.981	0.988	0.937	1.13	0.931	0.878
458	0.896	1.19	0.945	1	0.947	1.05	0.971	272	0.865	0.967	1.13	0.995	1.22	0.902
459	0.992	0.968	1	1.02	1.08	0.941	1.07	254	1.13	0.979	0.968	1.06	1.07	0.89
460	0.929	0.937	0.982	1.06	1.02	0.998	0.958	284	1.12	1.01	1.12	1.05	0.985	0.919
461	1.02	0.8	0.807	0.933	0.881	1	0.858	297	0.858	0.963	1.1	1.04	0.963	1.03
462	1.06	1.05	1.18	1.16	0.727	0.985	0.94	241	0.989	1.2	1.13	0.835	1.02	0.96
463	0.983	0.919	0.966	0.886	0.952	0.975	1.37	289	1.04	1.13	0.949	1.07	0.913	1.04
464	1.03	1.16	1.01	1.01	0.879	1.02	1.09	252	0.869	1.06	1.01	0.894	0.972	1.18
465	0.875	1.04	0.973	0.839	0.898	1.03	1.02	259	1.06	1.05	1.05	1.11	1.02	1.11
466	0.983	1	1.1	0.873	1.38	1.03	1.11	255	0.929	0.86	1.03	1.08	0.927	0.917
467	0.992	0.953	0.937	0.92	0.919	0.949	1.15	264	0.887	1.07	1.02	1.03	1.22	0.962
468	1.06	0.891	1.05	1.11	0.862	0.961	0.944	261	0.971	1.11	0.913	0.872	0.989	1.05
469	1.05	0.959	1.06	1.2	0.972	1.09	1.1	255	0.937	0.98	1.07	1.19	0.931	1.12
470	0.993	1.05	1.11	1.27	0.892	0.996	1.06	296	1.21	0.906	0.995	1.05	1.11	0.948
471	0.908	0.95	1.08	1.08	1.21	0.99	1.01	255	0.907	1.18	1.07	1.02	1.04	0.898
472	0.948	1.1	1.19	1.36	1.06	1.08	0.878	288	0.967	0.926	1.07	1.02	1.13	1.09
473	0.921	1.11	0.897	0.976	0.907	0.99	0.873	265	0.964	1.1	0.966	0.925	1.04	0.995
474	1.12	1.05	1.13	1.06	0.966	1	0.935	297	0.943	0.879	0.959	1.16	1.05	0.899
475	1.02	1.06	1.02	1.12	1.13	1.05	1.07	247	1.23	1.27	0.838	0.904	1	0.942
476	0.972	0.879	1.05	1.06	1	1.03	0.852	290	0.935	1.04	0.932	1.04	1.08	1.03
477	1.01	1.11	0.951	1.12	1.03	1.06	0.932	244	0.944	0.824	0.897	0.991	1.16	0.956
478	1.09	1.13	1.03	1.13	1.06	1.02	1.05	295	1.07	0.979	0.955	1.21	1.05	0.963
479	0.963	0.984	0.966	0.97	1.13	0.993	0.983	256	0.996	0.913	0.921	1.09	1.14	0.868
480	1	1.01	1.08	0.906	0.97	1.01	0.896	254	0.889	0.969	0.784	1.1	0.894	1.14
481	0.859	0.925	1.3	1.12	1.1	0.946	1.01	243	1.01	1.06	1.12	0.918	1.09	1.08
482	1.07	0.968	1.13	1.17	0.98	0.955	0.805	277	0.901	1.14	0.97	0.875	1.17	0.949
483	1.1	1.07	0.898	0.949	1.03	1.18	1.11	281	0.808	1.04	0.912	0.88	0.983	0.829
484	1.01	1.12	0.976	0.875	1.04	1	0.982	240	1.1	0.837	1.11	1.13	0.995	1
485	1.01	1.04	0.901	1.04	1.1	0.981	1.02	295	0.892	0.953	0.847	0.932	0.959	1.05
486	1.03	1.04	1.01	0.955	1.06	0.979	0.982	243	0.922	0.905	1.09	0.951	0.95	1.09
487	1.05	1.12	1.15	0.95	1.01	1.02	0.833	265	1.14	1.02	0.943	0.868	0.864	0.95
488	0.921	1.11	0.92	0.769	0.915	1.18	1.18	274	1.02	1.11	0.946	0.981	1.01	0.862
489	1.02	0.891	1.16	0.995	0.955	1	0.896	267	1.02	0.735	1.04	0.917	0.834	1.05
490	0.928	1.05	0.884	0.997	1.02	1.1	1.09	296	1.14	0.965	1.09	0.961	1.03	1.14
491	1.1	0.731	0.967	0.915	1.22	1.03	0.994	250	0.991	1.12	1.04	0.972	1.03	0.944
492	0.976	1.05	1.07	1.04	1	1.03	1.07	250	0.796	1.11	1.08	1.09	1.13	0.913
493	0.961	0.825	0.954	1.14	0.927	1.06	1.09	266	1.08	1.03	1.13	1.08	1.05	0.893
494	1.01	0.984	0.924	0.992	0.888	0.992	0.82	287	1.03	1	0.894	0.96	0.94	0.993
495	0.942	0.97	0.87	0.98	1.1	0.946	0.958	281	1.22	0.958	1.12	1.1	0.954	0.945
496	0.902	0.941	0.991	1.03	0.891	1.01	1.03	282	1.24	0.949	0.99	0.978	0.951	0.882
497	1.02	1.22	1.04	0.872	1.03	1.02	1.12	291	1.01	1.14	0.983	0.729	0.955	0.885
498	0.936	0.936	1.25	0.879	0.92	0.929	0.937	289	0.913	0.999	1.01	1.19	1.14	1.17
499	0.978	1.07	1.05	0.941	1.01	0.978	1.04	265	1.05	1.12	0.866	1.1	1.07	0.981
500	0.922	0.736	1.03	0.942	0.766	0.958	0.941	287	1.01	0.884	1.19	0.938	1.04	0.866
501	1.02	0.931	0.993	1.03	0.958	1.04	0.873	242	1.29	0.986	1.06	1.01	0.964	1.1
502	0.962	0.961	0.9	1.01	0.906	1.02	1.01	258	1.04	1.03	1.02	0.893	0.923	0.961
503	0.958	1.15	0.842	1	1.27	0.985	1.06	299	1.19	1.24	0.981	0.856	0.982	1
504	0.95	0.951	1.14	0.969	1.02	1.16	1.06	259	0.971	1.03	1.1	0.812	1.2	0.923
505	0.901	0.973	0.961	0.977	0.938	0.978	1.01	284	1.02	1	0.875	1.1	0.956	1.01
506	0.87	1.05	0.973	1.07	0.973	0.906	0.935	285	0.97	1.01	0.951	1.09	0.855	0.88
507	0.942	0.874	0.908	1.06	1.02	0.973	1.01	261	0.913	1.03	1.04	0.951	1.01	0.903
508	0.991	1.1	0.937	0.983	1.06	1.08	0.878	290	0.999	1.02	0.906	1.01	0.96	1.1
509	0.978	0.816	0.794	0.985	0.854	1.01	0.967	249	0.936	0.945	0.911	0.931	1.05	1.03
510	0.871	1.13	1.04	1.05	0.862	1.07	1.07	290	0.948	1.15	1.02	0.986	0.869	1.04
511	0.994	0.943	1.01	0.82	0.996	1.07	1.08	254	0.954	1.04	1.28	0.987	0.988	1.09
512	1.1	1.01	1.08	0.869	0.858	0.962	0.958	255	1.24	1.15	1.11	0.98	0.879	1.06
513	1.02	0.875	1.1	0.908	0.934	0.946	0.971	245	0.961	0.958	1.01	1.08	1.07	0.84
514	1.04	0.865	1.16	0.897	0.978	1.1	1.12	259	1.07	1.02	0.892	0.96	0.974	1.02
515	0.845	1.06	1.11	0.882	1.03	1.1	0.824	278	0.889	0.921	0.892	1.01	0.961	0.932
516	1.07	1.14	1.38	1	0.935	0.904	0.901	273	0.774	1.03	1.14	0.912	1.15	1.09
517	1.01	0.88	1.21	0.962	1.14	0.916	1.17	253	1.06	0.973	0.929	0.947	1.05	1.12
518	0.999	1.04	0.999	1.29	0.952	0.927	1.06	242	0.971	1.09	0.956	0.842	0.957	1.05
519	0.934	1.1	1.05	1.06	0.916	0.913	1.12	295	0.963	0.819	1.14	1.1	1.03	1.15
520	0.942	0.897	0.987	1.02	1.03	1.02	0.996	297	0.949	1.03	1.15	1.34	0.991	0.958
521	1.06	0.934	0.907	0.941	1.17	1.04	1.14	268	1.01	0.946	1.04	1.03	0.752	0.991
522	1.02	1.04	1.01	1.24	0.953	0.992	1.18	283	0.887	0.949	1.03	0.887	1.28	1.07
523	0.89	0.857	0.86	1.05	0.776	1.01	0.943	265	0.989	1.19	0.843	1.35	1.05	0.917
524	0.962	1.04	1.08	1.16	1.22	0.931	0.91	256	1.21	1.06	0.958	0.953	1.07	0.909
525	1	1.04	0.958	1.01	1.04	0.941	1.15	262	1.12	1	0.883	1.17	0.913	0.959
526	1.08	1.09	0.984	1.09	1.22	0.919	1.08	248	0.864	0.878	1.23	1.02	1.08	0.992
527	1.03	1.03	1.02	0.882	1.02	0.948	1.18	264	1.01	1.05	1.05	0.983	0.982	0.977
528	1	0.939	1.11	0.801	1.04	1.06	1.05	292	1.04	0.993	1.11	1.05	0.766	1.13
529	1.07	1.08	1.05	0.999	1.03	1.01	0.889	246	0.86	1.28	0.985	1.05	0.991	0.939
530	0.884	1.07	1.16	1.09	1.01	1.05	1.05	274	1.23	1.13	0.94	0.872	0.845	0.994
531	0.984	1.06	0.948	1.16	0.732	0.963	0.963	241	1.27	0.871	1.03	0.986	0.95	1.08
532	0.977	1.01	1.07	0.978	1.2	1.06	1.08	279	0.837	0.86	1.14	0.967	0.919	1.02
533	0.96	0.914	0.939	0.941	0.885	1.04	1.11	291	0.966	0.863	1.1	1.05	1.02	1.07
534	0.928	1.2	0.926	0.871	0.918	1.12	0.922	252	0.871	1.12	1.17	1.07	1.12	1.2
535	1.03	0.975	0.99	0.832	0.796	1.07	0.956	262	0.949	1.07	0.964	1.26	0.974	1.12
536	1.11	0.917	0.871	0.958	0.909	0.908	0.988	270	0.982	1.17	0.893	1.08	1.06	1.23
537	0.952	1.17	1.09	0.816	0.924	0.937	0.959	283	1.21	0.826	1.01	1.01	1.21	0.989
538	0.984	0.887	0.766	0.876	0.973	1.03	0.979	278	0.995	1.16	1.03	0.973	1.12	0.885
539	1.02	1.13	0.974	1.01	1.02	1.02	0.774	254	1.12	1.22	1.23	1.06	1.08	0.984
540	1.07	0.988	1.05	1.03	1.13	1.02	0.9	290	1.11	0.994	1.26	1.08	0.846	1.14
541	1.09	1.07	0.932	0.883	1.22	1.02	1.09	299	1.19	0.89	0.918	0.974	0.972	0.947
542	1.08	0.96	1.04	0.821	0.962	1.04	1.02	267	1.29	0.946	0.928	1.03	1.06	0.87
543	0.917	0.968	1.07	0.985	0.902	0.918	1.23	273	0.996	1.09	1.27	1.08	1.14	1.06
544	1.03	0.986	0.949	0.771	1.03	1.02	1.01	296	0.897	1.03	0.86	0.895	0.961	1.11
545	0.938	1.13	0.958	1.01	1	0.968	0.963	247	1	0.982	1.04	0.968	1.07	0.843
546	0.987	0.824	0.994	0.866	0.945	1	0.927	276	0.986	0.849	1.05	1.02	0.98	0.984
547	0.939	0.873	1.11	1.05	0.828	1.06	0.955	243	1.05	0.908	0.751	1.17	1.12	0.791
548	1	1.03	0.908	0.934	1.08	0.892	1.05	295	0.983	1.01	1.07	0.915	1.15	0.94
549	0.933	1.03	1.07	1.05	0.928	0.841	0.966	241	0.867	1.02	0.915	0.931	0.876	0.893
550	0.988	0.921	1.13	1.11	1.1	0.964	0.938	259	1.11	0.941	0.966	1.19	0.967	1.01
551	0.894	1.02	1.22	0.926	1.04	0.866	0.948	249	0.992	0.897	0.996	1.1	1.02	1.06
552	1.12	1.04	1.02	1.24	0.963	0.974	1.01	292	1.04	1.02	0.942	0.992	0.916	1.16
553	0.989	0.853	1.05	1.07	1.18	0.899	1.16	291	1.11	1.06	1.03	1.03	0.929	0.972
554	1.02	1.03	0.843	1.12	1.13	1.04	1.07	289	0.986	0.909	0.94	1.23	0.997	0.952
555	0.948	1.01	0.737	1.08	0.937	0.923	1.33	249	1.14	1.01	0.994	0.744	0.856	1.16
556	0.97	1.02	0.868	1.14	0.924	0.99	1.02	296	0.933	0.951	0.87	0.829	1.01	1.1
557	1.06	1.2	0.929	0.996	0.886	0.974	1.05	284	1.03	0.871	1.02	1.15	1.11	0.895
558	0.997	1.2	1.04	1.06	1.06	1.13	1.13	257	0.831	0.996	0.876	0.942	0.975	0.9
559	1.06	1	0.856	0.898	0.917	1.03	0.898	264	0.946	0.935	0.849	1.2	1.02	0.922
560	1.02	1.17	0.7	0.942	1.3	1.15	0.977	243	0.7	0.887	1.05	0.958	0.857	0.989
561	0.822	1.02	0.967	0.999	0.953	1.08	1.35	255	0.962	0.881	0.934	0.869	0.88	1.06
562	1.04	1.09	0.892	1.05	1.09	0.947	1.13	267	0.924	0.831	0.839	1.24	1.05	1.08
563	1.02	1.1	0.973	1.04	1.09	0.947	1.08	289	1.08	0.984	1.02	1.08	1.08	0.955
564	1.04	0.921	0.969	0.926	1.02	0.916	1.05	249	0.871	1.08	1	0.918	1.02	0.856
565	0.941	0.91	0.968	0.829	1.15	1.1	1.11	257	1.02	1.05	0.879	0.904	1.22	1.07
566	1.02	0.87	0.889	1.02	0.97	1.1	1.05	295	1.01	1.21	1.03	1.04	1.01	0.993
567	1.04	0.944	1.12	0.732	1.13	1.05	0.99	254	1.14	0.869	1.07	1.01	1.16	0.956
568	0.864	0.965	1.01	0.914	1.2	1.03	0.832	264	0.862	1.06	0.926	0.869	1.06	1.07
569	0.948	1.06	0.855	0.909	1.01	0.997	1.17	298	1	0.953	1.08	0.922	0.953	1.1
570	1.01	1.03	0.855	0.94	0.977	0.981	0.981	266	1.12	0.966	1.2	0.941	1.07	0.87
571	0.914	1.1	1.03	1.02	1.14	0.908	1.07	276	0.91	0.971	1.04	0.9	0.843	0.96
572	1.06	1.1	0.896	0.947	0.773	0.934	0.887	245	1.17	1.23	1.04	0.798	1.05	0.995
573	0.926	0.837	0.95	0.777	0.842	0.899	1.14	282	0.813	0.975	0.949	0.876	1.01	1.01
574	0.993	1.09	0.931	1.03	0.884	1.05	0.939	244	0.941	0.938	1.08	0.95	0.816	1.09
575	1.05	0.883	1.23	1.03	0.936	1.1	1.03	245	1.19	1.03	0.971	0.906	1.08	0.921
576	0.995	0.944	1.08	1.01	1.18	1.03	0.991	261	1.11	0.896	1.02	0.902	0.936	1.01
577	1.06	1.22	1.14	1.03	1.03	0.963	0.909	274	1.14	0.927	0.836	0.983	1.08	0.916
578	1.05	1.24	0.997	0.929	0.868	1.08	1.2	247	1.02	0.983	1.02	1.16	1.02	1.06
579	1.06	1.07	0.963	1.1	1.14	0.984	0.916	279	1.19	1.09	1.16	0.804	1.07	1.04
580	1.08	0.994	1.02	1.16	0.983	1.06	0.964	244	1.09	1.14	0.913	1.01	0.994	0.96
581	0.947	1.04	1.01	0.991	0.889	1.04	1.13	260	1.2	1.11	1.06	0.877	0.978	0.937
582	1.03	0.983	0.941	0.94	0.985	1.02	0.961	274	1.08	1.09	1.01	0.998	0.925	0.912
583	1.02	1.08	0.962	1.08	1.06	0.951	1.06	278	0.975	0.895	0.98	0.857	0.976	1.03
584	0.916	1.13	0.885	0.986	1.04	1.01	0.987	260	0.819	0.915	0.994	1.29	0.949	0.857
585	0.949	1.16	0.972	0.912	0.785	1.13	0.988	269	0.998	1.02	0.958	0.936	0.999	1.14
586	1.04	0.916	1.1	0.919	1.06	0.925	1.03	246	1.02	1.22	1.17	1.07	1.02	0.888
587	0.931	1.07	0.983	1.09	0.806	0.898	1.13	263	0.979	1.22	1.21	1.11	0.994	0.976
588	1.08	1.02	0.976	0.866	0.93	0.932	0.848	248	1	1.11	1.09	0.89	0.939	0.901
589	0.952	0.894	0.879	0.819	1.03	0.891	0.815	286	0.879	0.75	0.926	1.02	1.07	1.01
590	0.835	1.06	0.815	1.08	0.815	0.995	1.02	293	1.01	1.01	1.03	1.03	0.801	0.851
591	1.03	0.973	1.11	0.929	0.958	1.07	0.901	253	0.768	0.899	1.26	1.14	0.956	0.982
592	1.04	0.911	1.07	0.96	0.99	0.931	1.05	288	1.09	0.918	1.1	0.844	1.12	0.926
593	0.964	1	0.906	1.11	1.18	1.04	0.92	247	0.969	0.848	1.09	0.996	0.971	0.823
594	1.07	1	0.914	0.951	1.25	1.12	0.95	264	1.11	1.2	1.18	1.14	0.961	1.08
595	1.04	0.908	0.971	0.785	0.746	0.972	0.847	294	1.07	1.02	1.02	1.09	1.03	1.02
596	0.962	0.996	0.839	0.897	1.22	1.02	0.952	266	1.06	1.06	0.865	0.887	0.993	1.06
597	0.872	0.937	1.01	0.961	1.07	1.06	1.19	282	1.09	0.881	1.1	1.11	0.941	1.02
598	0.975	1.1	0.995	1.15	1.04	0.986	0.885	287	1.16	1.1	1.05	0.83	1	1.02
599	0.902	0.987	1.08	0.945	1.03	0.892	0.97	270	0.935	0.944	1.07	0.938	0.91	0.846
600	0.907	0.929	1.2	0.885	0.975	0.902	1.25	253	1.01	0.941	1.03	1.12	0.965	0.707
601	1.02	1.07	1.04	1.01	1.19	1.01	1.11	286	1.14	0.961	1.17	1.17	0.881	1.05
602	0.887	1.04	1.12	0.997	1.01	0.979	1.1	249	1.13	0.876	1.18	0.996	0.997	1.04
603	1.04	1.13	0.908	1.09	0.911	1.13	0.955	255	0.93	1.12	0.852	1.12	1.03	0.845
604	0.991	0.878	0.961	0.964	1.23	0.976	0.945	259	1.01	1.02	0.91	0.905	0.903	0.97
605	1.01	1.07	0.928	0.91	1.32	1.01	0.961	268	0.922	0.823	1.28	1.14	1	1.03
606	0.977	1.03	1.15	0.996	1.15	1.05	0.995	270	0.93	1.1	0.902	1.05	1.24	0.794
607	0.984	1.03	0.864	1.05	1.01	1.01	1.08	255	0.953	0.95	0.9	1.08	1.06	0.929
608	0.998	0.975	0.963	0.895	0.984	0.96	0.968	269	0.889	1.05	0.978	0.98	0.821	0.968
609	1.04	0.99	0.942	1.04	1.03	1.25	1	242	1.07	1.19	0.95	0.923	0.928	0.958
610	0.997	1.18	0.848	1.08	0.91	0.834	0.92	275	1.16	0.9	0.987	1.04	1.02	1.04
611	1.05	0.923	1.06	1.18	1.15	0.953	0.906	252	1.09	1.08	1.22	0.885	0.953	1.06
612	1.1	1.03	0.917	0.945	0.945	1.11	1.1	242	1.15	1.04	0.964	1.06	0.911	1.27
613	0.942	1.05	0.968	0.852	0.977	0.974	0.903	277	0.95	1.04	1.19	1.06	1.01	1.12
614	0.94	1.01	1.04	1.1	0.919	0.903	1.08	258	1.23	1.06	1.04	0.826	0.972	0.924
615	0.898	0.937	1.03	1.05	0.966	0.908	1.15	262	1.11	0.966	1.01	0.974	0.89	0.989
616	0.944	1.16	1.08	0.903	0.84	0.984	0.858	257	0.984	0.946	0.928	1	0.957	0.972
617	1.03	1.12	1.1	1.01	1.08	1.02	1.07	273	1.14	0.721	1.05	1.07	0.901	1.1
618	0.959	0.846	1.05	1.11	0.914	0.997	0.922	271	0.971	0.995	1.09	0.914	1.17	1.06
619	1.05	0.998	0.998	0.897	1.16	1.05	0.89	240	1.02	1.04	1.18	1.01	1.01	1.14
620	0.95	0.963	1.14	0.811	1.07	1.06	1.41	270	1	1.06	0.963	0.945	0.804	1.04
621	1.07	1.01	0.886	1.05	1.13	1	0.938	266	1.11	0.802	0.877	0.897	0.97	1.11
622	1.08	0.906	1.04	1.03	1.11	0.978	1.06	243	1.16	1.02	1.01	1.02	1.06	1.03
623	0.863	1.06	1	1.11	1	1.08	0.838	277	0.738	1.08	0.881	1.14	0.988	1
624	0.986	0.949	1.06	1.14	1.1	1.06	0.845	256	1.04	1.12	1.06	0.946	0.897	0.945
625	0.984	0.757	1.1	1.01	1.06	0.936	1.11	289	0.944	0.999	0.902	0.919	0.985	1.01
626	1.12	1.11	1.05	0.993	0.835	0.996	1.13	271	1.05	0.969	1.13	1.05	1.09	1.15
627	1.01	0.989	0.97	0.982	1.18	1.06	1.02	299	1.05	0.931	1.01	0.96	1.14	0.971
628	0.987	0.979	1.04	1.13	1.03	0.945	0.875	261	1.1	0.875	1.11	1.2	0.94	0.931
629	0.983	0.917	1	0.989	1.1	0.969	1.12	268	1.04	1.04	1.17	0.802	1.06	1.06
630	0.927	0.966	0.79	0.946	0.926	1.06	0.9	282	0.923	1.05	0.963	0.997	1.23	0.973
631	1.01	1	0.924	1.15	1.07	1.06	0.985	293	0.983	1.01	1.03	1.1	1.13	0.979
632	0.974	1.12	1.06	1.11	1.21	1.05	1.08	298	1.01	1.14	0.937	1.01	0.807	1.07
633	1.02	1.09	0.941	0.928	1.12	0.944	0.899	291	0.944	0.997	1.13	0.872	0.988	1.04
634	0.955	1.04	0.988	0.956	1.04	1.07	0.871	256	0.978	1.04	0.903	0.976	1.1	1.15
635	0.97	0.94	1.14	0.859	0.861	0.94	1.03	280	0.981	0.989	1.05	0.955	1.04	0.873
636	0.96	0.901	0.891	0.909	1.05	0.943	1.11	285	1.04	0.916	1.23	0.91	1.09	1.05
637	0.932	0.856	1.16	1.02	1.08	1.03	0.847	285	1.02	0.984	0.774	1.19	1.03	0.918
638	1.11	0.95	0.925	1.04	1.29	0.964	0.872	296	0.944	0.996	1.17	1.05	1.21	0.957
639	1.08	1.08	1.09	1.07	0.954	0.885	1.34	243	0.997	0.905	0.92	1.07	0.986	1.03
640	0.92	1.03	1.14	0.75	0.945	1.04	1.08	299	1.17	1.06	0.89	0.824	1.07	0.935
641	1.03	0.983	0.883	1.26	0.86	1.03	0.845	243	1.08	0.915	1.06	1.05	1.02	1.22
642	0.963	0.997	1.11	1.13	0.872	1.16	1.14	259	0.957	0.948	0.952	0.943	0.915	0.9
643	0.946	0.889	0.952	1.01	0.966	0.948	0.918	264	1.1	0.92	1.11	1.07	1.09	0.986
644	0.994	0.964	1.02	1.04	0.882	0.947	1.2	271	1.18	1.08	0.961	0.999	0.938	0.981
645	0.96	0.939	0.85	0.919	0.939	0.94	1.09	272	1.09	0.983	1.15	0.95	1.14	1.05
646	1.05	1.03	1.07	1.15	1.1	0.856	1.08	241	0.85	1.11	0.866	1.12	1.09	1.03
647	1.08	1.13	0.98	0.848	1.09	1.14	0.943	278	1.2	0.985	0.898	1.12	1.04	1.03
648	0.895	0.896	0.946	0.993	0.834	1.1	1.08	282	0.946	0.855	0.832	0.881	0.953	0.89
649	1.09	1.03	0.784	0.978	0.832	1.03	0.929	268	0.956	0.804	0.973	0.957	0.783	1.08
650	1.05	1.1	0.972	0.88	0.976	0.864	0.942	262	1.2	0.995	0.919	1.03	1.02	1.16
651	0.93	1.06	1.01	1.1	1.05	0.981	1.05	278	1.05	1.08	1.04	1	1.08	0.843
652	0.963	0.859	0.876	1.08	1.01	0.962	1.29	255	0.811	1.12	0.944	0.907	0.866	1.13
653	0.973	0.986	0.834	1.18	0.961	1.01	0.993	262	1.05	0.898	1.06	1.04	1.21	0.981
654	1.06	0.967	1.07	0.966	0.84	1.04	0.953	270	1.03	1.19	1.01	0.925	1.08	0.834
655	1.04	0.963	0.961	1.06	0.964	1.02	1.01	268	0.894	1.19	0.826	0.923	1.14	0.911
656	1.01	1.03	1.07	0.913	1.06	1.08	0.999	294	0.725	1.09	1.2	1.04	0.971	0.966
657	1.02	1.12	1	0.914	0.852	1	0.967	285	1.1	0.856	1.09	0.808	1	0.782
658	0.953	1.01	0.787	1.02	0.983	1.11	1.2	271	1.02	0.917	1.04	0.907	1.12	0.965
659	1.05	1.01	0.847	0.92	0.965	1.05	1.12	295	1.1	0.96	1.03	1.02	0.938	1
660	0.994	1.19	1.05	0.975	1.14	0.934	0.943	267	0.91	1.1	1.07	0.821	1.11	0.969
661	0.934	0.965	0.938	0.904	1.14	0.955	0.997	286	1.23	0.925	0.778	0.796	0.928	1.11
662	1.01	1	1.08	0.952	0.912	1.06	0.815	278	1.14	1.1	1.16	0.851	0.957	1.04
663	0.988	0.979	0.772	0.852	0.942	1.12	1.14	267	0.965	1	1.12	1.11	1.29	0.904
664	1.07	0.961	0.974	0.981	0.985	1.02	0.917	271	1.08	1.24	0.954	0.998	0.835	1.01
665	0.98	0.899	0.883	0.896	0.846	1.05	0.965	260	0.816	1.12	1.1	0.768	1.04	1.19
666	0.968	0.877	1.22	0.913	1.1	0.858	0.938	248	1	0.952	1.01	0.953	0.837	0.915
667	0.843	0.932	0.952	1.03	1.24	1.08	0.905	279	1.07	1.12	1.09	0.963	0.928	0.998
668	0.945	1.07	1.22	1.1	0.877	0.935	0.972	278	1.09	1.05	0.902	0.848	1.01	0.905
669	0.852	0.844	1.04	0.925	0.785	1.14	0.927	261	1.14	0.917	0.94	1.04	0.795	1.02
670	1.03	1.02	1.03	1.24	1.14	1.12	1.03	278	1.12	0.975	0.925	0.99	0.97	0.951
671	0.911	0.878	0.88	1.11	1.14	0.929	0.823	278	1.16	0.974	1.08	1.11	0.854	1.12
672	0.945	1.1	0.92	1.1	0.919	1.05	0.93	242	1.05	1.01	0.969	1	0.926	1.09
673	1.08	1.07	1.08	1.01	1.1	1.01	0.88	263	1.22	1.27	1.18	0.806	0.966	0.954
674	1.01	0.829	0.941	0.957	1.09	1.03	1.21	298	1.03	0.919	1.05	0.879	1.04	0.8
675	0.959	0.932	0.962	1.22	0.955	0.966	1.06	264	1.12	0.799	0.831	0.981	1.02	1.09
676	1.08	1.08	0.857	0.945	0.98	1.01	1	292	1.15	1.09	1.04	1.01	0.88	1.09
677	1.06	0.993	0.885	1.07	1.03	1.04	0.865	242	0.857	1.1	1.1	1.02	0.891	0.963
678	1.04	1.01	0.965	1.23	1.04	0.984	1.1	252	0.976	0.846	1.02	0.876	1	0.872
679	0.947	0.942	0.91	1.16	1.05	1.05	0.937	257	1.1	1.05	1.03	1.16	0.97	1.13
680	1.02	1.17	0.867	1.07	0.935	1.09	1.04	291	1.06	1.02	0.995	0.755	0.925	1.09
681	1.05	1.02	1.09	1.02	0.896	0.882	1.03	259	0.825	1.01	1.09	1.01	1.02	1.09
682	0.997	1.13	0.986	0.967	1.01	0.934	1.11	262	0.905	1.22	1.01	1.02	0.943	1.07
683	1.13	0.987	1.19	1.04	0.95	1.07	1.03	287	0.985	1.03	0.743	0.875	1.12	0.972
684	0.963	0.952	0.992	1.09	1.21	1.11	1.18	283	1.02	0.867	1.14	0.832	0.831	0.964
685	1.12	1.12	0.943	1.19	1.18	0.889	1.15	292	0.969	1.21	0.994	1.11	1.01	0.921
686	1.1	1.07	0.919	1.21	0.959	1	0.889	300	0.931	0.957	1.06	1.06	0.81	0.915
687	0.932	1.03	1.15	1.06	1.01	1.1	1.26	248	1.08	1.02	0.987	0.909	0.869	1
688	0.936	0.97	1.04	1.09	0.818	0.999	1.12	257	1	1.08	0.961	0.955	1	1.11
689	1.04	0.92	0.969	1.17	1.03	1.09	1.07	260	0.9	0.955	0.818	1.02	1.16	1.02
690	1	0.912	1.03	0.945	1.06	0.872	1.22	282	1.13	0.948	0.7	0.933	1	0.906
691	0.985	1.07	1.15	0.934	1.21	0.957	1.21	244	0.918	1.07	1.25	0.99	1.13	1.1
692	0.904	0.942	0.862	1.05	1	1.12	1.04	279	1.04	0.944	0.817	0.88	0.97	0.924
693	0.916	1.17	0.863	0.954	1.24	1.03	0.914	280	1.05	0.79	0.993	0.962	0.826	0.92
694	0.995	0.906	1.09	1.03	1.04	1	0.817	274	1.03	1.04	1.03	1.19	1.04	0.994
695	1.02	0.962	0.869	0.898	1.07	0.949	0.946	243	1.2	1.25	1.13	1.14	1.02	1.05
696	1.06	1.17	1.12	1.29	1.19	1.14	0.925	265	1.07	0.927	0.833	1.23	1.09	0.997
697	0.998	0.924	0.934	1.22	1.03	1.17	1.03	249	0.954	1.01	0.922	1.06	0.843	1.06
698	1.03	1.12	1.01	0.854	1.07	0.971	0.996	247	0.823	0.88	1.1	1.08	0.966	0.841
699	0.999	1.02	1.16	1.1	0.858	1.05	0.799	269	0.751	0.891	1.02	0.969	0.953	1.03
700	1.09	1.03	1.23	1.04	0.967	0.994	1.24	248	0.894	0.758	0.977	1.03	0.87	1.11
701	1.03	1.11	1.12	0.963	1.11	0.993	1	268	1.19	0.852	1.21	1.08	0.979	1.03
702	1.08	0.916	1.11	1.07	0.969	1.12	1.12	250	0.974	1.05	0.859	1.01	0.895	0.905
703	1.02	1.05	0.894	0.916	1.08	0.978	0.885	288	1.02	0.855	0.935	1.11	1.08	1.02
704	1.05	1.14	1.1	0.962	0.904	0.98	1.1	244	1.13	1.14	1	0.964	0.812	0.927
705	0.97	0.99	1.13	0.956	0.965	0.982	0.953	282	0.898	1.03	1.06	0.93	0.944	0.913
706	1.06	0.828	1.04	1.23	0.981	1.08	1.17	296	1.16	0.773	0.882	0.884	0.823	0.89
707	1.04	0.965	1.17	0.924	0.906	1.03	1.06	297	0.838	1.02	1.02	0.775	1.09	1.13
708	1.04	1.01	0.91	1.02	1.14	0.979	1	248	0.882	1.29	1.27	0.946	0.973	0.747
709	1.08	1.02	1.01	0.774	1.04	1.03	0.919	275	0.928	1.07	1.07	1.08	1.06	1.04
710	0.996	0.994	0.833	1	1.08	0.989	1.08	243	1.06	0.929	0.917	1.09	0.91	1
711	0.973	1.01	0.903	1.19	0.929	0.912	0.91	275	0.964	0.98	0.931	1.18	0.939	0.982
712	1.05	1.03	1.08	0.91	0.991	1.11	0.874	266	1.13	0.996	1.11	1.06	1.12	1.14
713	1.03	1.06	1.18	1.31	1.05	0.958	1.15	255	1.12	1.01	1.03	0.988	0.888	1.18
714	1.16	0.946	0.9	1.06	0.886	1.11	1.02	277	0.913	1	0.871	0.942	0.861	0.975
715	1.04	0.782	1.03	1.01	0.845	0.881	0.986	264	1.17	0.958	1.08	1.01	0.896	0.869
716	1.01	1.05	1.03	1.03	0.896	1.14	1.15	241	0.994	1.01	1.2	0.923	1.06	0.868
717	0.961	0.919	1.17	0.795	1.08	1.08	0.97	266	0.942	1.04	0.975	1.04	1.04	0.983
718	1.01	1.03	0.832	1.04	1.12	1.2	1.1	274	1.13	0.892	1.02	0.911	0.908	0.875
719	1.02	0.912	0.933	0.932	0.98	0.902	0.981	290	1.3	0.816	1.24	0.94	0.926	1.15
720	0.969	1.02	1.02	0.977	0.92	1.07	1.01	246	1.07	1.18	1.02	0.869	1.19	1.07
721	0.935	1	0.918	1.01	0.824	0.968	0.831	276	0.895	1.2	0.945	1.01	1.05	1.13
722	0.965	1.08	1.02	1.11	0.876	0.987	0.758	269	1.05	1.1	1.01	1	0.872	1.05
723	0.968	1.02	1.02	0.76	1.01	0.901	1.1	293	0.923	0.929	0.975	1.22	1.17	1.12
724	1.08	0.958	0.915	0.961	0.996	0.915	0.915	241	1.07	0.845	0.991	1.08	0.992	0.95
725	1.02	0.993	1.11	1.03	1.02	1.01	0.95	297	0.904	1.14	0.854	0.958	1.17	1.05
726	0.995	1.18	0.935	1.04	0.925	0.97	0.976	283	1.03	1.32	0.998	0.999	0.996	1.07
727	0.996	0.929	0.949	0.902	0.882	0.918	0.827	261	0.847	1.09	1.03	0.953	0.945	0.934
728	1	0.999	0.875	1.03	0.937	0.973	1.03	290	0.884	1.09	1.19	0.951	1.03	1
729	1.03	1.06	1.12	1.08	1.01	0.874	1.07	266	1.15	1.14	0.742	1.06	1.12	0.832
730	0.982	0.949	1.01	1	1.01	0.905	1.19	272	0.987	1.21	0.976	0.932	0.969	0.825
731	1.01	1.01	1.11	1.05	0.939	0.988	1.37	255	1.1	0.988	1.11	1.23	0.915	1.11
732	1.02	1.08	1.28	1.09	0.986	1.06	0.778	271	1.1	0.796	1.13	1	1.05	0.965
733	0.974	1.04	0.947	0.979	1.29	0.863	1.22	248	0.921	0.925	0.93	1.08	0.983	1
734	1.02	1.12	1.13	0.957	1.16	0.971	1.06	291	1.19	1.28	0.813	0.939	0.833	1.1
735	0.969	1.01	0.84	0.976	0.902	1.04	1.26	284	0.946	0.786	1.07	1.21	0.979	0.999
736	0.953	0.985	1.06	1.14	1.19	0.933	0.975	296	1.08	0.853	0.918	1.13	0.968	0.759
737	1.05	1.14	1.11	0.876	1.16	0.838	1.14	258	0.866	1.01	0.862	1.2	0.98	1.03
738	1.05	1.09	1.05	1.09	1.13	0.948	0.918	268	0.942	1.06	0.93	1.08	1.08	1.13
739	0.971	0.93	1.1	1.06	0.937	1.06	0.894	248	1.21	1.11	0.979	1	0.977	0.896
740	0.994	1.25	0.943	1.14	1.07	0.888	1.18	286	1.11	0.971	0.802	1.07	0.927	0.941
741	1.11	0.952	1.02	1.21	0.961	0.958	0.725	292	1.13	1.04	1.13	1.15	0.839	1.07
742	0.975	0.978	1.01	1.08	1.2	1.03	1.04	267	0.968	0.863	1.11	1	1.03	0.92
743	1	0.998	0.956	0.958	1.07	0.963	1.01	294	1.29	0.987	1.13	1.02	1.08	0.978
744	1.08	0.851	0.928	0.893	1.04	0.973	0.851	281	0.881	0.932	1.06	0.859	0.947	1.11
745	1.06	1.06	0.945	0.969	0.96	0.9	0.969	277	1.25	0.897	1.04	1.29	1.13	1.18
746	0.99	1.05	0.999	1.22	1.09	0.964	0.906	292	0.797	0.993	0.967	1.06	0.979	0.99
747	0.879	0.744	1.02	1.14	0.964	1.06	0.924	286	0.896	0.99	1.06	1.06	1.06	1
748	1.02	1.05	0.933	0.966	1	0.844	0.97	284	0.993	0.843	0.972	0.98	0.897	0.928
749	1.07	0.959	0.977	1.1	1.11	0.969	0.981	297	0.909	1.11	1.24	0.888	1.08	0.948
750	1.01	1.11	0.9	0.825	1.03	1.12	1.18	282	1.02	1.1	0.908	0.975	0.902	0.877
751	0.973	1.07	1.12	1.19	0.876	1.07	1.05	284	0.843	1.04	1.11	1.13	1.13	1.2
752	0.885	0.999	1	0.942	0.921	0.951	1.02	288	0.963	1.01	1.14	1.17	0.998	1.04
753	1.01	0.918	0.864	1.06	0.817	1.07	1.02	251	1	1.09	1.02	1.01	1.06	0.979
754	0.975	0.895	0.902	1.03	1.06	1.07	0.958	257	1.26	0.988	1.08	1.06	0.921	1.08
755	1.17	0.995	1.09	1.02	0.956	0.998	1.01	294	1.18	1.03	0.96	1	1.07	1.08
756	0.933	0.931	1.08	0.933	0.963	1.08	1.16	242	0.97	1.1	1.03	0.753	1.18	1.18
757	1.04	1.18	1.02	1	1.06	0.88	1.02	276	1.04	1.07	1.11	0.921	0.887	1.1
758	0.996	1.15	1.16	0.904	1.09	0.926	0.867	278	0.982	1.16	0.905	1.08	1.05	0.98
759	1.1	1.1	0.877	1.07	0.936	1.01	0.844	272	1	0.965	1.07	1.24	0.86	1.03
760	1.02	1.05	0.989	1.01	0.987	1.07	1.05	288	0.893	0.985	1.05	1	1.07	0.94
761	1.03	0.961	1.17	1.11	0.814	0.868	1.21	274	0.966	1.17	0.771	0.924	0.943	0.985
762	0.909	1.11	0.923	1.09	1.12	1.07	0.766	281	1.05	1.01	1.22	1.18	1.01	1
763	1.07	1.08	1.26	0.901	1.06	1	1.08	252	0.96	1.09	0.791	1.09	0.973	1.06
764	1.09	0.938	1.05	0.996	0.837	0.914	1.08	252	0.799	0.835	0.96	0.891	0.863	0.871
765	0.978	0.975	0.874	1.43	1.13	0.87	0.972	240	0.985	0.997	0.877	0.973	1.03	1.03
766	0.924	1.01	1.14	0.766	0.874	1.01	0.975	241	1	0.872	1.14	0.976	1.05	1
767	1.03	1.09	1.13	1.17	0.941	0.956	1.01	264	0.948	0.883	1.05	0.891	1.04	1.03
768	1.03	1.05	1.33	0.971	1.02	1	0.843	280	0.907	0.96	1.05	0.968	0.853	0.959
769	1.13	0.977	1.24	1.2	0.887	0.879	1.01	287	1.07	1.03	1.15	1.05	1.11	0.993
770	1.02	1	0.895	1.16	0.884	0.993	1.08	273	1.11	1.16	0.789	0.989	1.21	1.05
771	1.07	0.908	0.935	1.01	1.1	1.02	1.02	261	1	1.17	0.954	0.791	0.886	1.05
772	1.09	0.977	1	0.857	0.925	1.05	1.02	284	1.03	0.907	1.11	0.993	0.936	0.808
773	0.986	0.882	1	0.797	1.01	1.02	0.996	258	1.06	1.14	1.21	1.07	0.873	1.15
774	1.02	0.987	1	1.05	0.977	1.03	1.04	294	1.08	1.15	1.13	1.15	1.13	1.05
775	0.983	0.955	0.965	1.02	0.902	1.05	0.885	277	0.875	0.792	0.973	0.965	0.918	1.13
776	0.979	0.84	1.02	1.03	1.05	1.11	0.893	273	1.01	1.15	0.869	0.92	1.19	1.08
777	0.904	0.945	1.02	1.02	0.847	1.01	1.02	269	1.13	1.06	0.962	1.16	0.963	0.976
778	0.987	1.2	0.904	0.896	1.03	0.965	0.996	279	1.09	1.02	0.961	0.866	1.09	0.953
779	0.956	0.923	1.14	1.3	1.04	0.931	0.984	280	0.843	0.977	1.02	1.17	0.934	0.937
780	0.987	1.12	1.15	1.15	1.1	1.02	0.979	254	1.22	1.07	0.942	1.01	0.971	0.879
781	1.05	1.09	1.06	1.1	0.93	0.99	0.931	288	0.93	1.07	1.11	1.03	1.01	1.03
782	1.14	0.972	0.988	0.965	1.12	1.05	0.939	254	1.15	0.776	1.01	0.891	1.11	1.04
783	1.03	0.966	1.07	1.17	0.757	1.03	1.06	273	0.918	0.931	0.962	1.02	0.737	0.983
784	1.07	0.986	0.877	1.35	1.06	0.92	1.04	276	0.89	0.801	1.01	1.24	0.99	1.08
785	0.962	1.07	0.78	1.02	0.864	0.92	0.907	257	1.03	1.22	0.897	1.15	0.862	1.14
786	1	0.941	1.01	0.888	1.28	1	0.904	246	0.901	1.07	1.05	0.878	1	1.06
787	1.01	0.971	0.887	0.956	0.898	1.13	1.07	282	0.976	1.12	0.993	0.928	1.03	1.02
788	1.06	0.947	0.944	1.07	1.21	0.901	1.12	299	0.986	1.14	0.988	1.05	0.977	0.942
789	0.968	1.12	1.01	0.947	1.19	1.06	0.862	270	1.14	1.16	0.837	1.24	0.985	1.03
790	0.957	1.03	1.04	1.11	1.05	1.01	1.16	297	1.03	1.18	1.35	1.07	0.958	0.949
791	1	1.02	1.08	0.962	0.98	1.07	1.06	297	1.1	0.877	1.01	0.969	0.884	1.05
792	1.1	1.05	1.03	1.06	1.1	1.09	1.12	285	1.04	0.868	1.05	1.04	0.911	1.04
793	1.04	0.895	1.19	0.926	0.887	0.999	0.835	282	1.2	0.978	0.932	1.05	1.02	1.07
794	0.997	0.945	1.21	1.04	0.932	1.08	0.942	276	0.917	1.06	1.12	1.1	0.845	0.948
795	0.939	1.14	0.942	1.15	0.976	1.07	1.22	300	1.06	1.01	0.933	1.11	1.07	1.13
796	0.965	0.992	1.1	0.999	0.911	0.991	0.921	300	0.978	0.858	1.01	0.846	1.05	1.09
797	1.01	0.974	0.881	0.953	1.13	0.948	0.96	287	1.03	1.02	1.07	0.855	1.18	0.854
798	1.03	1.01	1.15	1.14	1.05	1.12	1.23	280	0.888	0.911	0.799	1.02	0.848	1.02
799	0.931	0.944	1.13	1.04	1	1.04	0.993	272	1.19	1.07	0.948	1	1.13	1.17
800	1	0.982	1.1	1.08	0.844	1.04	1.07	279	0.826	0.907	0.858	1.06	0.936	0.891
801	1.02	0.824	1.13	1.25	1.02	0.92	1	295	1.16	0.991	1.03	1.02	0.967	0.939
802	1.02	0.905	0.995	1.14	1.27	0.925	0.903	284	0.893	0.93	0.969	0.845	1.01	1.1
803	1.05	1.14	0.948	0.928	0.916	1.03	1.04	276	0.917	1.12	0.868	1.24	0.872	0.816
804	1.02	0.92	1.18	1.09	1.01	0.972	1.16	254	0.891	0.819	0.982	1.03	1.07	0.978
805	1.05	1.3	0.906	0.843	0.914	1.03	0.79	266	0.958	0.976	0.811	1.15	1.11	1.01
806	1.05	1.05	1.13	0.925	1.01	0.998	0.959	287	1.01	1.15	1.13	0.975	1.08	1.01
807	1.04	0.969	0.896	1.06	0.956	1	1.14	261	0.841	0.98	1.06	1	1.01	1.01
808	1.01	0.92	0.938	0.863	1.03	1.05	0.914	242	1.09	0.986	1.08	1.14	0.825	0.998
809	0.922	1.25	0.919	1.03	0.878	1.01	0.916	257	0.956	0.81	1.02	1.06	1.01	0.907
810	1.03	1.03	1.01	0.949	0.974	0.993	1	253	1.01	1.18	1.09	0.918	1.2	1.05
811	0.998	0.838	0.856	1.15	0.995	0.96	1.06	271	1.4	0.934	1.03	0.783	0.985	0.958
812	0.992	0.935	0.982	0.833	0.76	0.904	1.14	264	0.836	0.767	1.05	0.894	0.964	0.961
813	1.06	0.893	0.903	1.06	1.3	0.921	0.985	283	1.07	1.03	1.04	0.927	1.04	1.07
814	1.01	0.903	1.06	0.802	1.22	0.966	1.11	247	0.947	0.934	1.04	1.22	0.921	1.14
815	0.989	0.915	1.03	0.917	1.07	1	0.98	298	0.908	0.873	0.979	0.911	0.906	1.02
816	1.08	1.11	0.754	0.994	1.09	1.14	1.04	255	1.12	1.04	1.08	0.96	1.1	0.987
817	0.92	1.08	0.902	0.927	0.831	0.928	0.919	277	1.13	0.911	0.903	0.882	0.954	1.02
818	0.958	0.967	0.913	1.05	1.17	0.91	0.975	277	1.01	0.965	0.814	1.09	0.968	0.896
819	1.14	0.889	1.23	1.08	0.979	0.984	0.988	296	0.833	0.972	1.12	0.903	1.1	0.957
820	1.03	0.926	1.03	0.985	1.12	1.11	1.04	299	0.94	0.942	0.927	0.916	1.15	0.937
821	0.896	0.895	0.982	1.18	0.995	1.11	1.19	285	0.977	1.03	0.823	1.26	0.955	1.05
822	0.954	1.01	0.901	0.987	1.2	0.895	1.08	297	1.1	1.08	1.08	0.929	0.996	0.899
823	1.11	0.936	0.829	0.879	1.03	0.959	1.02	268	0.99	0.919	0.923	1.17	0.966	1.03
824	0.928	1.21	0.959	1.02	1.08	0.953	1.03	287	1.01	0.95	0.938	0.833	0.775	1.09
825	0.986	0.915	1.15	1.04	1.12	0.916	1.02	282	1.34	1.05	1.09	1.14	1.2	1.11
826	0.912	0.854	1.06	1.14	1	0.988	1.04	293	1.03	1.08	1.02	0.974	0.978	0.91
827	1.07	0.926	1.05	0.976	1.18	0.872	1.2	253	1.03	0.876	0.995	0.93	0.838	0.887
828	1.14	1.15	1.02	0.961	0.863	0.924	1.04	253	0.939	1.06	0.951	1.06	0.984	1.08
829	0.979	1.06	0.974	0.886	0.941	0.952	1.02	282	0.95	0.963	1.03	0.957	0.871	1.1
830	1.06	0.947	1.18	0.939	1.04	1.07	1.05	286	0.934	0.923	1.06	1.1	0.912	1.02
831	1.05	1.07	0.853	1.02	0.917	1.05	1.16	286	1.03	0.991	0.949	0.879	1.15	1.24
832	1.04	1.05	1.09	0.973	0.883	1.13	1.21	276	0.866	0.888	0.9	0.955	1.09	0.801
833	1.02	1.09	1.05	1.08	1.15	1.04	1.19	275	1.01	1.09	1.02	1.06	0.774	0.985
834	1.04	1.02	1.05	0.954	0.951	1.14	0.99	298	0.981	0.889	1.08	0.944	0.951	0.882
835	1.09	0.812	0.787	0.919	1	1.04	0.929	297	1.11	0.942	1.05	0.885	1.19	0.997
836	0.971	0.999	1.07	0.862	1.09	1.09	1.03	299	1.04	0.932	0.99	0.849	0.92	0.795
837	0.848	0.858	1.08	0.913	0.947	0.939	0.893	291	1.03	0.978	0.921	1.04	1.04	0.916
838	0.956	1.12	0.997	1.05	0.938	1.09	0.967	249	0.917	1.04	1.07	1.16	1.14	1.08
839	0.879	1.09	0.803	0.911	1.2	0.987	1.06	288	1.15	1.01	0.92	0.916	1.11	0.972
840	0.982	1.04	0.918	1.22	0.897	1.02	0.962	292	1.03	1.01	0.957	1.07	0.939	0.854
841	0.913	0.976	0.797	1.07	1.02	0.993	0.994	283	1.05	1.13	0.924	0.993	0.933	1.07
842	0.957	1.05	0.985	1.32	0.973	1.08	1	289	0.87	0.87	0.929	1.1	0.963	1.07
843	1.01	1.2	1.19	0.944	0.823	0.984	0.944	298	0.955	1.1	1.05	1.04	0.883	0.9
844	0.965	0.993	0.99	1.13	1.09	1.03	1.3	252	1.09	1.04	1	1.03	1.01	0.825
845	1.07	1.08	0.976	1.07	1.01	1.09	1.11	245	0.861	0.867	0.709	0.982	0.743	1.02
846	1.03	1.02	1.03	1.28	1.17	1.17	1.11	292	0.906	1.01	0.956	0.962	0.904	1.07
847	1.04	1.01	0.936	0.717	1.27	0.961	1.05	248	0.976	1.02	1.02	1.03	0.867	1.01
848	0.917	0.98	0.959	0.957	0.807	1.04	1.03	242	1.08	0.909	1.14	1.08	0.949	0.891
849	0.888	0.873	1.27	1.01	1.03	1.01	1.13	290	0.877	0.886	1.01	1.19	1	1.12
850	0.977	0.709	1	0.946	1.19	1.13	1.14	260	0.806	1.19	1.21	0.858	1.01	1.12
851	0.947	0.862	1.06	0.993	1.15	0.962	1.11	245	0.827	0.847	1	0.908	1.11	0.971
852	1.05	1.21	0.959	0.916	1.04	1.01	0.919	280	0.973	0.994	1.09	0.948	0.867	0.894
853	0.929	1.1	0.958	1.02	0.931	1.06	0.926	294	0.995	1.09	1.07	0.962	1.02	1.02
854	1.11	1.09	1.04	1.06	1.05	0.967	0.936	248	1.06	1.03	0.781	1.06	1.16	0.923
855	1.05	1.15	1.12	0.947	0.789	1.15	1.01	251	1.06	0.857	1.01	1.13	1.11	0.932
856	1.01	0.993	0.925	0.928	1.01	0.875	1.1	297	1.1	0.934	0.943	0.841	1.12	1.12
857	1.01	0.909	0.904	1.07	1.06	0.958	0.947	246	0.91	0.973	0.889	0.966	0.982	1.08
858	1.03	0.953	0.947	0.982	1.1	1.01	1.03	282	0.988	1.03	0.727	1.13	1.06	1.18
859	1	0.984	1	0.871	0.959	1	1.22	242	0.736	1.08	0.849	0.937	0.847	1.05
860	0.985	0.754	0.987	0.874	0.994	1.07	0.997	276	1.04	1.11	1.1	0.979	0.945	0.945
861	1.03	1.17	1.17	0.96	0.957	1.01	0.843	273	1.02	1.07	1.05	1.21	0.981	1.14
862	1.15	0.948	1.05	0.915	0.791	1.05	0.991	263	0.949	0.903	0.854	0.966	0.987	1.23
863	1.02	1.06	0.804	0.911	0.912	0.912	0.94	285	1.09	1.15	0.996	0.934	1.08	1.01
864	1.09	1.03	0.981	0.878	0.749	0.999	1.22	272	1.12	1.11	0.846	1.02	1.19	1.02
865	1.02	0.841	1.28	1.11	1.02	1.03	0.959	283	1.13	0.829	0.796	1.08	1.07	0.964
866	1.08	0.773	0.707	1.04	1.06	0.945	0.978	293	0.85	1.05	1.05	0.999	0.84	1.06
867	1.02	1.13	0.999	0.954	0.991	1.07	0.85	298	0.942	1.14	1.15	0.968	1	1.08
868	1.16	1.1	1.16	1.18	1.16	0.995	1.04	267	0.856	1.06	1.23	1.13	0.929	1.08
869	0.916	0.866	0.957	0.962	0.901	0.98	1.23	291	1.01	1.09	1.08	1.13	1.09	1.08
870	1.04	1.01	1.13	0.89	0.933	1.03	1.13	291	1.05	0.904	0.915	1.03	0.947	1.01
871	0.98	0.99	1.3	1.01	1.07	0.8	0.942	287	0.932	0.891	0.889	1.07	1.11	1
872	0.926	0.974	1.02	0.986	0.956	0.873	1.13	284	1	1.17	1.11	1.14	1	1.12
873	1.19	0.967	0.993	0.973	1.11	0.937	0.893	264	0.989	1.13	0.962	1.02	0.995	0.886
874	1.16	1.02	0.871	1.17	1.07	1.04	0.867	284	0.892	0.825	1.01	0.97	0.927	0.946
875	1.07	1.08	0.913	0.936	0.984	1.16	0.849	243	0.952	1.31	0.909	0.974	1.04	1.02
876	0.914	0.926	1.1	1.02	0.95	0.94	0.928	265	0.822	0.853	1.06	0.868	0.948	0.927
877	1.01	1.11	1.07	1.04	1.01	0.944	1.05	284	0.937	1.04	0.911	0.877	1.01	1.07
878	1.03	0.836	0.981	0.924	1.04	0.938	1.14	286	1.03	0.757	1.33	1.06	0.977	0.835
879	1.08	0.911	0.979	1.04	1.26	0.954	1.04	273	0.973	0.939	1.16	0.913	0.907	0.968
880	0.891	0.994	0.972	0.83	0.965	0.986	0.891	266	0.932	1.43	0.943	0.86	0.77	1.03
881	1.07	0.996	1.02	1.03	0.769	0.983	1	262	1.09	1.02	0.894	0.91	0.946	0.938
882	0.998	0.997	1.16	1.28	1.13	1.07	0.876	262	0.886	0.785	1.09	0.926	0.85	1.03
883	0.885	0.978	0.882	0.971	1.12	0.987	0.957	281	0.931	0.921	1.04	0.98	1.04	1.06
884	0.985	1.08	0.837	1.1	0.998	1.04	0.794	258	1.17	0.959	1.17	0.956	1.07	1.02
885	0.867	1.04	0.988	1.12	1.09	0.969	0.909	250	0.777	1	1.08	1.03	1.25	1.13
886	1.01	1.02	0.934	0.907	0.857	0.987	1.16	261	1.01	0.968	1.14	0.957	0.9	0.934
887	1.09	0.991	1.05	0.907	0.983	0.943	0.828	297	1.14	0.943	0.939	1.11	1.1	0.989
888	1.02	0.933	1.05	1.15	1.01	1.16	0.929	272	1.11	1.05	0.844	1.01	0.923	1.07
889	1.06	0.988	0.847	1.09	1.34	1.06	1.01	245	0.925	0.968	1.03	0.891	1.06	0.988
890	1.05	0.924	1.21	1.05	0.973	1.02	0.817	288	1.03	1.37	1.16	1.05	1.1	1.08
891	1.04	1.23	0.957	1.07	0.997	1.1	0.869	258	0.967	0.979	1.22	0.997	1.04	0.773
892	1.01	1.09	1.02	1.12	1.02	0.96	0.974	272	1.1	0.976	0.904	0.967	0.984	1.04
893	0.974	1.08	1.2	1.04	0.873	0.938	0.977	273	1.04	1.21	0.843	1.08	0.965	0.829
894	1.02	0.978	0.866	0.903	1.06	0.986	0.859	263	1.09	1.18	1.06	1.12	1.13	0.852
895	1.04	0.805	0.983	0.8	1.12	0.851	0.945	249	0.993	1.06	0.974	1.04	1.05	1.05
896	1.1	1.11	0.939	0.92	1.11	0.942	0.935	245	1.02	1.07	0.981	1.07	1.06	0.96
897	1.12	0.845	0.89	0.948	1.17	1.01	0.863	254	0.985	0.998	0.896	1.12	1.1	0.919
898	0.93	0.98	1.1	0.809	1.1	0.91	1.07	256	0.841	0.911	1.24	1.13	0.92	1.03
899	1.04	1.08	0.952	1.13	0.996	0.946	0.949	262	1.04	1.08	0.946	1.09	1.09	1.06
900	0.984	0.99	0.987	0.93	1.09	1.17	1.08	289	1.02	1.08	0.958	1.04	0.849	1.17
901	1.07	0.947	0.967	1	1.02	1	1	246	1.12	1.15	0.988	0.996	1.1	0.976
902	1.01	0.864	0.918	1.06	1.06	0.964	1.1	275	1.03	0.888	0.732	0.741	1.03	1.18
903	1.05	1.14	1.04	1.09	0.975	0.82	1.1	286	1.16	1.34	1.27	1.05	0.954	0.979
904	1	0.996	0.923	0.818	0.814	0.852	0.865	285	0.81	1.04	0.895	1.07	0.993	0.943
905	0.915	1.07	1.01	1.07	0.978	1	0.855	280	1.06	0.828	0.941	0.954	0.903	0.941
906	1.05	0.915	1.01	0.892	1.13	1.05	0.948	284	1.27	1.11	1.08	0.914	1.14	1.06
907	0.973	1.03	1.03	1.02	1	1.06	1	293	1.05	0.814	1.07	1.04	0.892	0.945
908	1.03	1.11	1.26	0.951	0.922	0.983	0.998	287	1.05	0.865	1.09	1.07	1.05	0.805
909	1.06	0.881	0.835	1.16	0.929	1.08	1	296	0.972	1.15	1.26	1.11	0.918	0.786
910	0.999	1.12	1.24	1.08	0.957	0.944	1.04	252	0.921	1.24	1.22	1.1	0.817	0.892
911	1.05	1.09	0.994	1.07	1.02	1.03	1.29	258	0.98	1.17	0.97	0.916	0.885	0.81
912	0.93	0.859	0.946	1.02	0.852	0.893	1.09	254	0.908	0.806	1.12	0.853	1.11	1.24
913	1.04	1.15	0.894	0.968	0.893	1.1	0.974	260	1.02	0.976	0.987	1.01	1.14	0.997
914	1.05	0.973	0.957	1.14	1.17	0.931	1.03	286	0.905	1.04	1.21	0.948	0.942	0.951
915	0.967	1.04	1.08	0.87	1.15	1.06	0.999	267	1.07	1.12	0.916	1.09	0.887	1.2
916	0.998	1.04	1.17	1.21	1.12	1.01	1.06	267	1.05	1.12	0.976	0.896	1.06	0.813
917	0.932	1.1	1.02	1.1	0.97	1.06	0.899	249	0.891	1.01	1.01	1.21	1.04	1.03
918	0.987	0.967	0.962	0.93	1.11	1.05	0.831	271	0.913	1.15	1.14	0.825	0.964	0.996
919	0.98	0.992	0.964	1.06	0.908	0.935	1.16	295	0.978	0.982	0.967	0.855	1.17	1.08
920	1	1.02	1.09	1.04	1.07	1.02	0.931	283	1.27	0.946	0.944	1.05	1.15	0.947
921	0.869	1.05	1.06	1.08	1.23	0.996	1.01	246	1.03	0.882	1.03	1.13	0.932	1.19
922	1.05	0.946	0.891	0.971	1.06	1.05	0.894	285	0.925	0.928	0.884	0.819	0.899	1.04
923	1.05	1.14	1.02	0.865	0.875	0.934	1.07	254	0.783	1.01	1.22	0.909	0.916	1.15
924	1.01	1.05	1.08	0.779	1.1	1.19	1.12	279	0.98	0.996	1.07	1.12	1.14	1.1
925	1.01	0.928	1.25	1.03	1.05	0.97	0.961	265	1.04	0.969	1.04	1.03	1.05	1.11
926	0.897	1.02	0.872	0.994	0.942	1.03	1.04	257	1.19	0.848	0.969	1.31	0.912	0.895
927	0.943	0.92	1.02	1.1	1.05	1.12	1.08	292	1.13	0.985	0.938	0.889	1.14	0.935
928	0.921	0.948	1.13	0.892	0.898	1.03	0.736	296	1.09	0.794	1.02	0.906	0.701	1.02
929	1.04	1.12	1.18	0.981	0.993	0.938	1.14	257	1.09	0.97	1.09	0.92	1.04	0.903
930	0.94	0.995	0.944	1.02	0.893	1.05	1.05	270	1.1	1.06	0.943	1.07	1.07	0.936
931	0.954	0.982	1.25	0.836	0.761	1	1.12	263	1.09	1.13	0.98	1.1	0.981	1.12
932	1.03	1.06	0.753	0.861	1.05	1.07	1.13	242	0.878	0.945	1.17	0.978	1.02	1.12
933	0.979	0.958	1.09	0.971	0.961	0.996	0.914	265	0.853	0.999	1.28	1.09	1.02	1.02
934	0.989	1.14	1.12	1.02	0.951	1.08	1.01	296	0.972	1.05	0.978	0.943	0.945	0.985
935	0.991	0.933	1.13	0.936	0.997	1.01	1.09	273	0.904	1.01	1.12	1.05	1.07	1.05
936	0.892	1.09	1.35	0.974	0.793	1.06	0.933	241	1.09	0.904	0.945	0.961	1.11	0.959
937	0.972	0.982	1.06	1.06	0.989	1.02	0.836	263	0.905	0.987	0.824	0.84	1.05	0.965
938	0.951	0.766	1.19	0.922	0.984	1.11	1.01	268	1.04	1.05	0.965	1.18	1.03	0.952
939	0.967	1.01	1.31	1	0.825	0.944	0.989	243	1.14	0.926	1.03	1.16	1.16	1.03
940	1.06	0.981	1.14	1.11	1.09	0.929	0.976	280	1.01	0.903	1.06	1.07	0.886	0.88
941	0.994	1.08	1.09	1.03	0.943	0.854	0.846	269	1.02	1.06	0.998	0.813	0.832	0.907
942	0.992	1.04	1.17	0.865	1.05	1.04	1.13	298	0.929	0.955	0.852	0.935	1.06	1.26
943	0.927	1.13	1.07	0.968	0.809	0.997	1.01	272	1.04	0.889	0.976	0.797	1.05	1.01
944	1.07	1.06	1.11	0.991	0.992	1.06	1.15	277	1.17	0.817	0.919	0.852	1.06	1.1
945	0.93	0.985	0.907	1.15	1.07	0.868	1.12	259	0.894	1.11	1.06	0.854	1.03	0.941
946	0.938	0.852	1.08	0.986	0.921	0.828	0.971	270	0.951	1.07	1.09	0.913	0.864	0.895
947	1	0.863	0.917	1.06	1.1	0.887	0.956	241	0.898	1.03	0.891	0.881	0.956	1
948	1	1.04	0.993	0.973	1.04	1	0.981	252	1.16	0.91	1.34	0.838	0.932	0.93
949	0.955	0.818	1.09	1.02	0.941	1.02	1.1	289	1.16	1.03	0.989	1.13	0.885	0.977
950	0.982	0.999	1.17	1.07	0.875	0.999	0.986	251	1.02	1.02	0.873	1.01	1.1	1.05
951	1.08	0.956	0.951	0.794	0.994	0.989	0.966	247	0.856	1.14	1.05	0.897	1.1	0.887
952	0.907	0.847	1.06	1.17	0.887	1.09	1.09	285	0.984	0.97	1.07	1.05	1.1	0.866
953	0.967	1.01	1.05	0.941	1.14	1.01	1.03	264	1.19	0.7	0.864	1.02	1.03	1.2
954	1.11	1.17	0.825	1.05	1.02	1.03	0.961	243	0.943	0.936	0.931	0.864	0.878	1.09
955	1.01	0.909	1.02	1.13	0.995	1.01	0.884	273	0.962	1.16	0.971	0.781	1.1	0.944
956	1.03	1.13	1.1	1.08	0.984	0.911	1.02	255	0.906	0.992	1.12	1.09	0.994	0.855
957	1	1.04	1.2	1.04	0.99	0.952	0.945	263	1.08	1.01	0.838	0.901	1.01	1.1
958	0.941	1.04	1.23	0.728	1.09	1.05	1.07	257	0.99	1.35	1.11	1.25	1.03	0.962
959	1.06	0.883	0.821	1.16	0.833	0.928	1.15	276	0.995	0.778	1.15	0.866	0.98	1.01
960	1.09	0.93	0.892	0.921	0.923	1.04	1	254	1.21	1.11	0.966	0.929	0.93	1.21
961	1.09	1.17	1.17	0.864	0.923	1.04	1.04	300	0.99	1.01	0.933	1.01	0.99	0.992
962	0.908	1.03	0.806	0.998	0.95	0.924	0.985	261	1.01	1.13	1.12	1.11	0.922	0.914
963	0.939	0.867	1.01	0.97	0.889	1.09	0.902	263	1.15	0.832	0.981	0.886	1.06	1.01
964	0.909	0.88	0.865	1.14	0.994	1.02	1.04	283	1.07	1.17	0.944	0.936	1.02	1.16
965	0.99	0.932	1	1.2	0.982	1.14	1.09	241	0.964	1.16	1.12	1.06	1.03	1.1
966	1.11	0.901	0.922	0.947	0.936	1	0.988	290	1.02	1	0.875	0.976	0.988	0.967
967	1.01	1.07	1.02	0.963	0.931	0.955	1.18	280	0.87	0.904	0.891	0.836	1.23	0.832
968	0.982	1.02	1.03	1.13	0.982	1.05	1.07	294	0.855	1.05	1.03	0.863	0.957	0.944
969	1.1	0.949	0.996	1.12	0.867	0.959	0.916	258	1.08	1.13	0.921	1.02	0.879	0.954
970	1.14	0.942	0.915	1.06	1.1	1.12	1.1	257	1.06	0.937	1	0.978	0.948	1.06
971	1.06	1.05	1.07	0.884	1.06	0.996	0.966	277	0.944	0.922	0.913	0.903	1	0.836
972	1.08	0.91	0.995	0.984	0.9	0.95	1.24	249	1.09	1.35	1	1.04	1.04	0.968
973	0.83	0.957	1.12	0.995	1.05	0.941	0.908	250	0.968	0.82	1.1	0.939	0.941	1.01
974	0.965	0.89	1.4	0.842	1.16	0.899	0.886	244	0.879	0.962	0.999	0.983	0.959	1.11
975	0.985	0.945	0.822	0.984	0.866	1.06	1.17	286	1.04	0.877	0.896	1.02	0.875	1.09
976	1.06	1.12	1.02	0.879	0.964	0.947	1.09	281	1.05	0.931	0.947	0.836	1.05	1.03
977	1.04	1.02	0.823	0.97	1.12	1.03	0.819	279	1.03	0.967	1.01	1.12	0.929	0.871
978	1.06	1.09	1.01	1.01	0.949	1.06	0.924	240	0.854	0.924	0.991	0.899	0.841	1.07
979	0.911	1.06	0.985	1.02	1.06	0.957	1.03	248	1.03	0.831	0.845	0.905	1.05	0.984
980	0.917	0.969	0.975	1	0.864	1.02	1.01	295	1.06	1.15	0.888	0.892	1.06	0.924
981	0.936	0.977	1.09	1.05	1.15	0.945	1.16	269	1.07	0.928	1.08	0.928	1.13	1.01
982	0.979	0.833	1.23	1.03	1.24	0.885	1.17	298	0.801	0.918	1.17	0.882	0.987	0.919
983	1.1	1.01	1.1	1.06	0.946	0.967	0.979	299	1.18	1.17	1.01	0.889	1.06	0.777
984	1.01	0.849	1.06	1.09	0.837	0.981	1.03	263	1.03	1.03	1.11	1.01	0.976	1.04
985	0.998	1.03	1.06	1.07	1.16	0.977	1.09	271	1.08	1.07	0.82	0.94	1.07	0.983
986	0.995	0.886	0.954	1.23	1.02	1.04	0.972	279	1.08	1.12	0.964	0.84	1.05	0.853
987	1.02	1.08	0.818	0.909	1.08	0.965	1.09	263	1.08	1.09	1.02	1.1	0.81	0.897
988	1.1	1.14	0.97	0.983	0.917	0.988	0.979	266	1.1	0.874	0.934	1.09	0.909	1.04
989	1.06	0.924	0.816	1.01	1.12	0.983	0.866	270	0.88	1.03	1.01	0.987	0.946	1.13
990	0.943	0.839	1.12	1.1	1.16	0.992	1.06	261	0.94	1.31	0.878	0.763	1.09	0.994
991	0.99	0.954	1.03	1.13	1.11	0.951	1.01	290	1.01	0.851	0.986	1.02	1.01	1.22
992	1.01	0.964	1	1.06	0.849	0.955	1.05	251	1.12	1.04	0.906	1.19	0.935	1.01
993	0.858	1.01	0.871	0.926	1	0.954	0.89	256	0.961	1.12	0.834	0.899	1.01	0.875
994	1.05	0.931	1.12	0.939	0.952	0.968	0.947	253	0.907	0.833	1.02	1.09	1.24	0.928
995	1.06	1.06	1.11	1.19	0.978	1.03	1.01	245	1.17	1.1	0.946	0.95	1.15	0.927
996	0.883	1.03	1.09	1.01	0.942	1.03	0.999	289	0.958	0.919	1.07	0.963	1.15	0.952
997	0.968	1.14	0.939	1.06	1.11	0.995	1.08	277	1.04	1.12	1.05	0.961	0.851	1.04
998	1.05	0.972	1.05	1.04	1	0.966	0.991	251	0.877	0.893	1.18	0.83	0.829	0.75
999	1.13	1.16	0.955	0.81	0.947	1.08	0.895	247	0.977	0.894	1.16	0.989	1.01	1.01
1000	1.09	0.861	0.936	0.988	0.99	1.02	1.13	263	1.06	1.26	1.03	1.39	1.09	0.862
0	1	1	1	1	1	1	1	270	1	1	1	1	1	1
